lastAccountName: Spiderplase05
timestamps:
  login: 1612311570720
  logout: 1612311762062
ipAddress: 174.18.71.127
logoutlocation:
  world: world
  x: -12.647157356893208
  y: 67.0
  z: -7.665645773896832
  yaw: 226.79912
  pitch: 39.494118
