lastAccountName: RTV2015
timestamps:
  login: 1618614728317
  logout: 1618616697721
ipAddress: 73.78.122.192
logoutlocation:
  world: world
  x: -32.47482322473648
  y: 71.0
  z: 0.49185180054454447
  yaw: -89.88387
  pitch: 2.8524027
lastlocation:
  world: archway_
  x: -17.90876977472046
  y: -0.6647680009298553
  z: -63.08106118038287
  yaw: 92.85072
  pitch: -90.0
