lastAccountName: xBlaargo
timestamps:
  login: 1612806900073
  logout: 1612807419603
ipAddress: 105.184.131.90
logoutlocation:
  world: world
  x: -15.58966368967177
  y: 67.5
  z: 1.1023632267306116
  yaw: -88.984215
  pitch: 20.102394
