lastAccountName: blazej5424
timestamps:
  login: 1722994012765
  logout: 1722994035137
ipAddress: 127.137.136.127
logoutlocation:
  world: world
  x: 31.976832579470482
  y: 63.0
  z: 0.32398354535398227
  yaw: -321.91953
  pitch: 48.54611
