lastAccountName: Red_Windows
timestamps:
  login: 1610567345251
  logout: 1610567578332
ipAddress: 78.190.61.34
logoutlocation:
  world: world
  x: -32.47482322473648
  y: 71.0
  z: 0.49185180054454447
  yaw: -89.88387
  pitch: 2.8524027
