lastAccountName: Tiger_pixels
timestamps:
  login: 1619232717902
  logout: 1619237491844
ipAddress: 192.168.0.60
logoutlocation:
  world: world
  x: -2.0548134468915396
  y: 67.0
  z: -5.795535687289101
  yaw: -91.93968
  pitch: -6.1185293
lastlocation:
  world: lighthouse_
  x: 82.06443983502601
  y: -0.4946159872731939
  z: -35.74205334821637
  yaw: 9.890958
  pitch: -57.835274
