lastAccountName: Pickaxes Suck
timestamps:
  login: 1611179764271
  logout: 1611179786784
ipAddress: 73.24.224.46
logoutlocation:
  world: world
  x: -2.4269319659524298
  y: 67.0
  z: -8.116194787384938
  yaw: -32.28388
  pitch: 10.352413
