lastAccountName: CN062
timestamps:
  login: 1668204804213
  logout: 1668207272396
ipAddress: 98.48.210.94
money: '1220.0'
logoutlocation:
  world: world
  x: -32.47482322473648
  y: 71.0
  z: 0.49185180054454447
  yaw: -89.88387
  pitch: 2.8524027
