lastAccountName: Meme10rd101
timestamps:
  login: 1667164950498
  logout: 1667167387582
ipAddress: 73.24.218.2
money: '595.0'
logoutlocation:
  world: world
  x: 8.139030187718294
  y: 67.0
  z: -2.333624652102562
  yaw: -241.08377
  pitch: 46.052437
