lastAccountName: Mad_pickaxe
timestamps:
  login: 1618693865193
  logout: 1618693878165
ipAddress: 192.168.0.80
logoutlocation:
  world: world
  x: -8.745306808595233
  y: 67.0
  z: -12.353557486437065
  yaw: -137.83463
  pitch: 22.914204
lastlocation:
  world: amazon
  x: 88.02139959063952
  y: 65.0
  z: -28.300000011920933
  yaw: 129.5846
  pitch: 29.56175
