lastAccountName: Duke
timestamps:
  login: 1611450073791
  logout: 1611451549466
ipAddress: 192.168.0.54
logoutlocation:
  world: world
  x: -32.47482322473648
  y: 71.0
  z: 0.49185180054454447
  yaw: -89.88387
  pitch: 2.8524027
