lastAccountName: addplusone
timestamps:
  login: 1608132671979
  logout: 1608134973493
ipAddress: 127.0.0.1
logoutlocation:
  world: world
  x: -32.54292693647918
  y: 71.0
  z: 0.5107030315212704
  yaw: -91.5699
  pitch: 0.48192227
