lastAccountName: Sigma5
timestamps:
  login: 1723047259112
  logout: 1723047284954
ipAddress: 127.30.38.147
logoutlocation:
  world: world
  x: 11.152926925497484
  y: 63.0
  z: 0.8339437561072687
  yaw: 331.9789
  pitch: 9.426489
