lastAccountName: slayfoxjr7
timestamps:
  login: 1612293002694
  logout: 1612293869094
  lastteleport: 1608155643791
ipAddress: 197.185.105.14
logoutlocation:
  world: world
  x: -1.592839710738792
  y: 67.0
  z: -2.3258264675204057
  yaw: 84.15143
  pitch: -2.983818
lastlocation:
  world: amazon
  x: 29.472785329288612
  y: -0.13754688729279607
  z: -71.0780263427796
  yaw: 156.11227
  pitch: -58.14911
nickname: slayfoxjr7
afk: false
