lastAccountName: Mykei0
timestamps:
  login: 1653679531922
  logout: 1653679553931
ipAddress: 192.168.1.4
logoutlocation:
  world: world
  x: -5.048863746818133
  y: 67.0
  z: -12.00808575773533
  yaw: -107.033195
  pitch: 5.5882664
money: '5.0'
lastlocation:
  world: airshow
  x: 70.08933640350371
  y: -1.913955079674556
  z: -38.677900307378586
  yaw: -74.02702
  pitch: 75.85342
