lastAccountName: VendingMachin
timestamps:
  login: 1668206876595
  logout: 1668208768845
ipAddress: 24.11.148.238
money: '795.0'
logoutlocation:
  world: world
  x: -3.7644223764336413
  y: 67.0
  z: -6.9490773156135575
  yaw: 8.284445
  pitch: 6.180151
