lastAccountName: emogamingtr
timestamps:
  login: 1610564632709
  logout: 1610565088942
ipAddress: 195.142.68.135
logoutlocation:
  world: world
  x: -32.47482322473648
  y: 71.0
  z: 0.49185180054454447
  yaw: -89.88387
  pitch: 2.8524027
