lastAccountName: Ms_Adian
timestamps:
  login: 1613419218235
  logout: 1613419253880
ipAddress: 99.196.187.53
logoutlocation:
  world: world
  x: -27.559575727111433
  y: 28.144413168878398
  z: -30.126004157611373
  yaw: -214.08392
  pitch: 9.302408
lastlocation:
  world: airshow
  x: -27.964892256622697
  y: -0.08645766248518472
  z: -82.18320131021608
  yaw: 310.0571
  pitch: -50.399998
