lastAccountName: Nightwing_76
timestamps:
  login: 1668204804765
  logout: 1668208510265
ipAddress: 76.159.137.114
logoutlocation:
  world: world
  x: -3.97331676240813
  y: 67.0
  z: -3.297941355985629
  yaw: -85.66863
  pitch: -7.4286947
lastlocation:
  world: orchestra_
  x: 0.4224489061439631
  y: 80.0
  z: -27.24160129236033
  yaw: -90.456245
  pitch: 7.1344123
money: '1765.0'
