lastAccountName: shockvada
timestamps:
  login: 1610124595107
  logout: 1610125407407
ipAddress: 99.196.187.53
logoutlocation:
  world: world
  x: -32.47482322473648
  y: 71.0
  z: 0.49185180054454447
  yaw: -89.88387
  pitch: 2.8524027
