lastAccountName: pixel_gamer_boy
timestamps:
  login: 1618693839450
  logout: 1618693858066
ipAddress: 192.168.0.80
logoutlocation:
  world: world
  x: -29.58166573095099
  y: 71.0
  z: -2.1999706919908526
  yaw: -124.99199
  pitch: 10.5275545
