lastAccountName: jumpnHart
timestamps:
  login: 1614903896947
  logout: 1614907738100
ipAddress: 73.24.169.234
logoutlocation:
  world: world
  x: -33.84743993996328
  y: 71.0
  z: 4.4117004687072345
  yaw: -125.55251
  pitch: 7.8982086
