lastAccountName: Ra1z5623
timestamps:
  login: 1618685431166
  logout: 1618686709786
ipAddress: 192.168.0.40
logoutlocation:
  world: world
  x: -32.47482322473648
  y: 71.0
  z: 0.49185180054454447
  yaw: -89.88387
  pitch: 2.7024026
