lastAccountName: Overlord_B
timestamps:
  login: 1668204836968
  logout: 1668206328478
ipAddress: 76.29.213.64
logoutlocation:
  world: world
  x: -31.872887920939323
  y: 71.0
  z: -0.09769158895234142
  yaw: -138.18385
  pitch: 13.3524065
money: '250.0'
