lastAccountName: CreeperSteve123
timestamps:
  login: 1609879832099
  logout: 1609880164846
ipAddress: 68.84.205.23
logoutlocation:
  world: world
  x: -32.47482322473648
  y: 71.0
  z: 0.49185180054454447
  yaw: -89.88387
  pitch: 2.8524027
