lastAccountName: Bxrl
timestamps:
  login: 1723183567240
ipAddress: 127.230.225.230
lastlocation:
  world: Mini81Q
  x: 4.501809761661186
  y: 77.0
  z: 11.194423744787823
  yaw: 106.208405
  pitch: 7.649959
