lastAccountName: Bxrl
timestamps:
  login: 1723183567240
ipAddress: 127.230.225.230
lastlocation:
  world: Mini81Q
  x: 5.623871394420926
  y: -64.20799823874447
  z: 4.257713064588336
  yaw: -89.60571
  pitch: -74.99992
money: '10.0'
logoutlocation:
  world: Mini81Q
  x: 43.63447494336892
  y: 47.51110503608686
  z: 256.1812539653804
  yaw: -358.20142
  pitch: 37.499855
