lastAccountName: Bxrl
timestamps:
  login: 1723181789701
  logout: 1723182270650
ipAddress: 127.230.225.230
logoutlocation:
  world: world
  x: -14.789382178525063
  y: 67.5
  z: 0.3088566868740899
  yaw: -255.48395
  pitch: 20.852415
money: '135.0'
lastlocation:
  world: rooftop
  x: -26.5414044977994
  y: 66.0
  z: 1.8161049508542808
  yaw: 6.0374675
  pitch: 73.50003
