lastAccountName: Bxrl
timestamps:
  login: 1723181789701
  logout: 1723181750653
ipAddress: 127.230.225.230
logoutlocation:
  world: world
  x: -32.47482322473648
  y: 71.0
  z: 0.49185180054454447
  yaw: -89.88387
  pitch: 2.8524027
money: '135.0'
lastlocation:
  world: rooftop
  x: -26.5414044977994
  y: 66.0
  z: 1.8161049508542808
  yaw: 6.0374675
  pitch: 73.50003
