lastAccountName: _Sharplex_
timestamps:
  login: 1612368259185
  logout: 1612369627558
ipAddress: 107.2.23.8
logoutlocation:
  world: world
  x: -32.47482322473648
  y: 71.0
  z: 0.49185180054454447
  yaw: -89.88387
  pitch: 2.8524027
lastlocation:
  world: rooftop
  x: -22.30000001192093
  y: -1.6501309112787301
  z: 36.873875966734616
  yaw: -57.32558
  pitch: -69.632225
