lastAccountName: CrazyGamer_X
timestamps:
  login: 1611353290299
  logout: 1611354371050
ipAddress: 185.6.235.216
logoutlocation:
  world: world
  x: -32.47482322473648
  y: 71.0
  z: 0.49185180054454447
  yaw: -89.88387
  pitch: 2.8524027
