lastAccountName: reeeeeee
timestamps:
  login: 1610318164466
  logout: 1610319226936
ipAddress: 72.223.55.25
logoutlocation:
  world: world
  x: -25.354841706589756
  y: 70.0
  z: 0.38110718676820343
  yaw: -250.83359
  pitch: 13.652391
