lastAccountName: Wholesome_Frog
timestamps:
  login: 1611954747705
  logout: 1611956395871
ipAddress: 67.1.223.3
logoutlocation:
  world: world
  x: -6.804910243077799
  y: 67.5
  z: -7.234081928989763
  yaw: -305.96805
  pitch: 7.0746274
