lastAccountName: CoolJoeBob
timestamps:
  login: 1618444222754
  logout: 1618444321886
ipAddress: 192.168.0.60
logoutlocation:
  world: world
  x: 0.6841791593817453
  y: 67.0
  z: 4.6796294028577625
  yaw: 115.513275
  pitch: 2.1048098
