lastAccountName: Blankthedoctor
timestamps:
  login: 1610156937062
  logout: 1610158024309
ipAddress: 73.24.143.31
logoutlocation:
  world: world
  x: -8.087463878992152
  y: 67.1212968405392
  z: -1.6475561786881827
  yaw: -97.23395
  pitch: 2.8524027
nickname: Blankthedoctor
