lastAccountName: fff
timestamps:
  login: 1723001503423
  logout: 1723001495641
ipAddress: 127.30.38.147
logoutlocation:
  world: world
  x: -5.763876588267306
  y: 66.0
  z: -10.344194219091055
  yaw: -194.84686
  pitch: 35.43636
afk: true
