lastAccountName: fff
timestamps:
  login: 1723021364621
  logout: 1723002508538
ipAddress: 127.30.38.147
logoutlocation:
  world: world
  x: -0.012549806332235264
  y: 66.0
  z: 22.42776329841254
  yaw: 143.14082
  pitch: 19.331486
afk: false
