lastAccountName: Mad_Axe
timestamps:
  login: 1609873850146
  logout: 1609873853874
ipAddress: 192.168.0.60
logoutlocation:
  world: world
  x: -32.47482322473648
  y: 71.0
  z: 0.49185180054454447
  yaw: -89.88387
  pitch: 2.8524027
