lastAccountName: Booghammer
timestamps:
  login: 1611184144233
  logout: 1611185808936
ipAddress: 192.168.0.40
logoutlocation:
  world: world
  x: -35.00067534908386
  y: 71.0
  z: -4.730436451389646
  yaw: -220.55643
  pitch: 16.457556
