lastAccountName: Quick_Kick
timestamps:
  login: 1611458231758
  logout: 1611458241894
ipAddress: 192.168.0.60
logoutlocation:
  world: world
  x: -10.405141762853399
  y: 67.0
  z: 0.20635689633183069
  yaw: -113.63321
  pitch: 11.591331
