lastAccountName: efefe
timestamps:
  login: 1723008229050
  logout: 1723008315860
ipAddress: 127.30.38.147
logoutlocation:
  world: world
  x: 23.002510631739717
  y: 63.0
  z: 4.497790755644212
  yaw: 270.59244
  pitch: 23.473248
