lastAccountName: efefe
timestamps:
  login: 1723008229050
  logout: 1723007096478
ipAddress: 127.30.38.147
logoutlocation:
  world: world
  x: 9.119313328344585
  y: 63.0
  z: 17.580984840324042
  yaw: -247.7815
  pitch: 21.161858
