lastAccountName: efefe
timestamps:
  login: 1723052521761
  logout: 1723052526812
ipAddress: 127.30.38.147
logoutlocation:
  world: world
  x: 17.665961569060432
  y: 64.0515999955684
  z: -6.393162202384735
  yaw: -115.95218
  pitch: 12.355036
