lastAccountName: efefe
timestamps:
  login: 1723052512446
  logout: 1723047390030
ipAddress: 127.30.38.147
logoutlocation:
  world: world
  x: 0.4805297752731945
  y: 65.0
  z: 0.4876591904060934
  yaw: 4.724298
  pitch: 1.9863466
