lastAccountName: 'zartan '
timestamps:
  login: 1611459518173
  logout: 1611460072969
ipAddress: 192.168.0.40
logoutlocation:
  world: world
  x: -1.924501230532906
  y: 67.0
  z: 2.2895278523819464
  yaw: -74.625694
  pitch: 35.945576
