lastAccountName: GriddyGaymer23
timestamps:
  login: 1723001718066
  logout: 1723001995937
ipAddress: 127.30.38.147
logoutlocation:
  world: Mini31E
  x: 1.300000011920929
  y: 95.0
  z: -38.30000001192093
  yaw: 32.996735
  pitch: 60.570744
