lastAccountName: GriddyGaymer23
timestamps:
  login: 1723070480709
  logout: 1723022935882
ipAddress: 127.30.38.147
logoutlocation:
  world: world
  x: 22.214310417777533
  y: 63.0
  z: -10.96557741733667
  yaw: -135.4853
  pitch: 6.0772314
money: '55.0'
