lastAccountName: GriddyGaymer23
timestamps:
  login: 1723070480709
  logout: 1723022935882
ipAddress: 127.30.38.147
logoutlocation:
  world: world
  x: 19.214171409576295
  y: 63.0
  z: -9.39289912996012
  yaw: -123.01474
  pitch: 7.5736914
money: '165.0'
