lastAccountName: PyrB
timestamps:
  login: 1723089822343
  logout: 1723091548658
ipAddress: 127.220.84.169
money: '10.0'
lastlocation:
  world: Mini81Q
  x: 15.619857471104359
  y: -394.4070459383096
  z: 0.8248500229485861
  yaw: -10.049959
  pitch: -47.10008
logoutlocation:
  world: world
  x: 29.009660405710825
  y: 65.0
  z: -28.43548669892653
  yaw: 156.95712
  pitch: 31.988695
