lastAccountName: PyrB
timestamps:
  login: 1723088981784
  logout: 1723089738015
ipAddress: 127.220.84.169
money: '10.0'
lastlocation:
  world: Mini81Q
  x: 15.619857471104359
  y: -394.4070459383096
  z: 0.8248500229485861
  yaw: -10.049959
  pitch: -47.10008
logoutlocation:
  world: world
  x: 13.317450585015111
  y: 64.0
  z: -13.178235206366587
  yaw: 346.85678
  pitch: 11.1388
