lastAccountName: Yeaarz
timestamps:
  login: 1668204847250
  logout: 1668205836446
ipAddress: 107.2.41.174
logoutlocation:
  world: world
  x: -32.47482322473648
  y: 71.0
  z: 0.49185180054454447
  yaw: -89.88387
  pitch: 2.8524027
money: '110.0'
