lastAccountName: Zartan
timestamps:
  login: 1611436717628
  logout: 1611436728714
ipAddress: 192.168.0.40
logoutlocation:
  world: world
  x: -7.132614408630829
  y: 68.0
  z: -18.17976479165196
  yaw: -177.77188
  pitch: -1.9344429
