lastAccountName: Spiderplase
timestamps:
  login: 1648419172794
  logout: 1648419191678
ipAddress: 73.24.161.94
lastlocation:
  world: airshow
  x: 43.69537210936046
  y: -2.3366604886835365
  z: 40.59685807296857
  yaw: 101.64261
  pitch: -65.13401
logoutlocation:
  world: world
  x: -4.277459911281563
  y: 67.0
  z: -4.826786881594414
  yaw: -180.35738
  pitch: 20.638706
