lastAccountName: SkaNinja481
timestamps:
  login: 1664067727333
  logout: 1664069076590
ipAddress: 69.244.40.235
logoutlocation:
  world: world
  x: -3.847136460960043
  y: 68.0
  z: 19.04658261928904
  yaw: 30.713259
  pitch: 27.835463
lastlocation:
  world: airshow_
  x: 81.56937257759955
  y: -2.374445801012029
  z: -33.92383000672804
  yaw: 140.45483
  pitch: -38.51379
money: '180.0'
