lastAccountName: Raspyvoice
timestamps:
  login: 1618615886826
  logout: 1618616700228
ipAddress: 73.24.134.54
logoutlocation:
  world: world
  x: -32.47482322473648
  y: 71.0
  z: 0.49185180054454447
  yaw: -89.88387
  pitch: 2.8524027
afk: false
lastlocation:
  world: archway_
  x: 11.04631825740529
  y: -1.913955079674556
  z: -58.19037966828683
  yaw: 34.500965
  pitch: -86.84998
