lastAccountName: RayAar
timestamps:
  login: 1723088489418
  lastteleport: 1723089512331
ipAddress: 127.39.31.13
money: '240.0'
lastlocation:
  world: world
  x: 28.85817382255979
  y: 63.0
  z: -7.077604259403285
  yaw: 337.40552
  pitch: 31.988544
