lastAccountName: RayAar
timestamps:
  login: 1723088489418
  lastteleport: 1723090037003
ipAddress: 127.39.31.13
money: '240.0'
lastlocation:
  world: world
  x: 20.762959776634776
  y: 63.0
  z: -15.841978455835818
  yaw: 25.25582
  pitch: 22.949993
