lastAccountName: ProHaxLeaks
timestamps:
  login: 1723063069573
  logout: 1723062206853
ipAddress: 127.30.38.147
logoutlocation:
  world: Mini31E
  x: -15.5
  y: 90.0
  z: -35.5
  yaw: 0.0
  pitch: 0.0
afk: false
money: '370.0'
lastlocation:
  world: Mini9E
  x: -40.33809566945337
  y: -66.74639262840518
  z: -6.091853631786405
  yaw: 10.332601
  pitch: 3.064168
