lastAccountName: ProHaxLeaks
timestamps:
  login: 1723063069573
  logout: 1723062206853
ipAddress: 127.30.38.147
logoutlocation:
  world: Mini31E
  x: -15.5
  y: 90.0
  z: -35.5
  yaw: 0.0
  pitch: 0.0
afk: false
money: '360.0'
lastlocation:
  world: Mini81Q
  x: -22.314700254949457
  y: -66.12387093571553
  z: -4.699999988079071
  yaw: -10.688991
  pitch: 14.964586
