lastAccountName: ProHaxLeaks
timestamps:
  login: 1723048897907
  logout: 1723048876001
ipAddress: 127.30.38.147
logoutlocation:
  world: world
  x: 0.5
  y: 65.0
  z: 0.5
  yaw: -90.168945
  pitch: -0.85120445
