lastAccountName: ProHaxLeaks
timestamps:
  login: 1723063069573
  logout: 1723062206853
ipAddress: 127.30.38.147
logoutlocation:
  world: Mini31E
  x: -15.5
  y: 90.0
  z: -35.5
  yaw: 0.0
  pitch: 0.0
afk: false
money: '430.0'
lastlocation:
  world: Mini81Q
  x: -13.5
  y: 76.00831946780376
  z: -4.5
  yaw: 0.14251992
  pitch: 0.0
