lastAccountName: ProHaxLeaks
timestamps:
  login: 1723063069573
  logout: 1723063883122
ipAddress: 127.30.38.147
logoutlocation:
  world: world
  x: 17.269613640489155
  y: 63.0
  z: -4.8835514076041
  yaw: -162.35005
  pitch: -1.2625456
afk: false
money: '430.0'
lastlocation:
  world: Mini81Q
  x: -13.5
  y: 76.00831946780376
  z: -4.5
  yaw: 0.14251992
  pitch: 0.0
