lastAccountName: ProHaxLeaks
timestamps:
  login: 1723063069573
  logout: 1723062206853
ipAddress: 127.30.38.147
logoutlocation:
  world: Mini31E
  x: -15.5
  y: 90.0
  z: -35.5
  yaw: 0.0
  pitch: 0.0
afk: false
money: '365.0'
lastlocation:
  world: Mini81Q
  x: -14.1840844409008
  y: 76.32849454763642
  z: -4.699999988079071
  yaw: 30.570501
  pitch: 29.929173
