lastAccountName: ProHaxLeaks
timestamps:
  login: 1723061024650
  logout: 1723052824661
ipAddress: 127.30.38.147
logoutlocation:
  world: world
  x: 13.43565192066724
  y: 63.0
  z: -2.9962690030268364
  yaw: -113.828476
  pitch: 3.48544
afk: false
money: '80.0'
lastlocation:
  world: Mini31E
  x: -15.5
  y: 95.0
  z: -35.5
  yaw: 0.0
  pitch: 0.0
