lastAccountName: ProHaxLeaks
timestamps:
  login: 1723051471170
  logout: 1723051324814
ipAddress: 127.30.38.147
logoutlocation:
  world: world
  x: 15.949859596550713
  y: 63.0
  z: 5.541895720270697
  yaw: -217.01552
  pitch: 2.3611293
afk: false
money: '10.0'
lastlocation:
  world: Mini81Q
  x: -0.5
  y: 81.0
  z: -9.5
  yaw: 0.0
  pitch: 0.0
