lastAccountName: Thewdie
timestamps:
  login: 1723176811362
ipAddress: 127.54.228.201
lastlocation:
  world: lighthouse
  x: 14.46643401091574
  y: -2.3772773672784977
  z: -79.80450786350904
  yaw: -21.578445
  pitch: -40.709484
