lastAccountName: Skeppy
timestamps:
  login: 1653679482336
  logout: 1653679372404
ipAddress: 192.168.1.4
logoutlocation:
  world: world
  x: -10.164427624232799
  y: 67.0
  z: -10.640747208190707
  yaw: -121.24652
  pitch: 21.736683
