lastAccountName: Starman567
timestamps:
  login: 1614907102707
  logout: 1614908318499
ipAddress: 69.137.181.103
logoutlocation:
  world: world
  x: 8.065418372509837
  y: 68.0
  z: -10.140123759725393
  yaw: -115.983665
  pitch: 27.602407
