lastAccountName: konsolas
timestamps:
  login: 1723011463548
  logout: 1723011459897
ipAddress: 127.30.38.147
logoutlocation:
  world: world
  x: 46.56441473989322
  y: -34.567644470029954
  z: 26.38724114282609
  yaw: -351.6223
  pitch: 50.80639
