lastAccountName: konsolas
timestamps:
  login: 1723010417468
  logout: 1723008118183
ipAddress: 127.30.38.147
logoutlocation:
  world: world
  x: 14.353694406027266
  y: 63.0
  z: -4.20627182540509
  yaw: 253.68085
  pitch: 16.90894
