lastAccountName: konsolas
timestamps:
  login: 1723011068122
  logout: 1723011059408
ipAddress: 127.30.38.147
logoutlocation:
  world: world
  x: 7.550698941458198
  y: 63.0
  z: -0.7738798025855227
  yaw: 81.302475
  pitch: 19.100914
