lastAccountName: konsolas
timestamps:
  login: 1723011374523
  logout: 1723011362272
ipAddress: 127.30.38.147
logoutlocation:
  world: world
  x: -28.008131326178326
  y: 61.166109260938214
  z: -9.767742921393308
  yaw: -187.10449
  pitch: 30.074348
