lastAccountName: konsolas
timestamps:
  login: 1723011463548
  logout: 1723012110267
ipAddress: 127.30.38.147
logoutlocation:
  world: world
  x: -6.131066972228839
  y: 66.0
  z: -27.14850586063179
  yaw: -181.75977
  pitch: 34.418392
