lastAccountName: konsolas
timestamps:
  login: 1723052367421
  logout: 1723012110267
ipAddress: 127.30.38.147
logoutlocation:
  world: world
  x: -6.131066972228839
  y: 66.0
  z: -27.14850586063179
  yaw: -181.75977
  pitch: 34.418392
money: '175.0'
lastlocation:
  world: Mini31E
  x: 1.5
  y: 95.0
  z: -38.5
  yaw: 0.0
  pitch: 0.0
