lastAccountName: konsolas
timestamps:
  login: 1723008066526
  logout: 1723007111484
ipAddress: 127.30.38.147
logoutlocation:
  world: world
  x: 4.1250525861084455
  y: 65.66575038688696
  z: 0.48892074850457734
  yaw: -89.456314
  pitch: -1.6350685
