lastAccountName: konsolas
timestamps:
  login: 1723052367421
  logout: 1723052439195
ipAddress: 127.30.38.147
logoutlocation:
  world: Mini31E
  x: -13.20250304043293
  y: 90.0
  z: -37.331620925751814
  yaw: 118.879395
  pitch: 83.920525
money: '180.0'
lastlocation:
  world: Mini31E
  x: 1.5
  y: 95.0
  z: -38.5
  yaw: 0.0
  pitch: 0.0
