lastAccountName: konsolas
timestamps:
  login: 1723051643265
  logout: 1723012110267
ipAddress: 127.30.38.147
logoutlocation:
  world: world
  x: -6.131066972228839
  y: 66.0
  z: -27.14850586063179
  yaw: -181.75977
  pitch: 34.418392
money: '115.0'
lastlocation:
  world: Mini81Q
  x: 17.295041607471028
  y: 77.41999998688698
  z: -3.7000889714491603
  yaw: -36.343853
  pitch: 26.152487
