lastAccountName: konsolas
timestamps:
  login: 1723011172744
  logout: 1723011166993
ipAddress: 127.30.38.147
logoutlocation:
  world: world
  x: -4.419856528277938
  y: 64.0
  z: -10.281959542810142
  yaw: 176.52588
  pitch: 21.099705
