lastAccountName: Mad_Maniac
timestamps:
  login: 1610045622531
  logout: 1609973203036
  lastteleport: 1609947354971
ipAddress: 192.168.0.60
logoutlocation:
  world: world
  x: -11.973582752055949
  y: 67.0
  z: -0.3784375071384504
  yaw: 270.97583
  pitch: 24.157854
lastlocation:
  world: orbit
  x: 19.553128076190085
  y: 115.42474222722225
  z: 7.740017829829659
  yaw: -240.95035
  pitch: 41.91668
