lastAccountName: madpikaxe
timestamps:
  login: 1618693906366
  logout: 1618693928445
ipAddress: 192.168.0.80
logoutlocation:
  world: world
  x: -21.982523806618147
  y: 72.0
  z: -8.614998815806912
  yaw: -70.42997
  pitch: 27.625662
