lastAccountName: gamerpro4731234
timestamps:
  login: 1610468226765
  logout: 1610468229209
ipAddress: 192.168.0.72
logoutlocation:
  world: world
  x: -32.47482322473648
  y: 71.0
  z: 0.49185180054454447
  yaw: -89.98669
  pitch: 0.7961846
