lastAccountName: ShortyDev
timestamps:
  login: 1723049637315
  logout: 1723048738413
ipAddress: 127.16.144.220
logoutlocation:
  world: world
  x: 13.400529338946978
  y: 63.0
  z: 3.400611060952013
  yaw: 97.64405
  pitch: 4.840418
afk: false
