lastAccountName: ShortyDev
timestamps:
  login: 1723047250660
  logout: 1723047032313
ipAddress: 127.16.144.220
logoutlocation:
  world: world
  x: 0.9229981504972868
  y: 65.0
  z: 0.42308275491913494
  yaw: -94.86353
  pitch: -0.8506093
