lastAccountName: xNotJames
timestamps:
  login: 1723176833363
  logout: 1723176672664
  lastteleport: 1723177276767
ipAddress: 127.254.212.77
money: '605.0'
lastlocation:
  world: varyth
  x: -79.31200800149234
  y: 89.71360000610352
  z: 32.67450738325715
  yaw: -146.39734
  pitch: 10.943145
logoutlocation:
  world: world
  x: -35.26912029168005
  y: 71.0
  z: -2.705774035066775
  yaw: -208.71942
  pitch: 25.618795
