lastAccountName: xNotJames
timestamps:
  login: 1723183354566
  logout: 1723183357410
ipAddress: 127.254.212.77
lastlocation:
  world: Mini9E
  x: -7.460441105559498
  y: 67.63588500535488
  z: -30.987894827770244
  yaw: -136.09842
  pitch: 17.262331
money: '300.0'
logoutlocation:
  world: world
  x: 9.292281672762172
  y: 63.0
  z: 0.4931072689972371
  yaw: -89.592606
  pitch: 0.24007475
