lastAccountName: xNotJames
timestamps:
  login: 1723141422519
  logout: 1723142138395
ipAddress: 127.254.212.77
lastlocation:
  world: Mini9E
  x: 3.953975672373486
  y: 75.5
  z: 10.159153063683638
  yaw: 359.42108
  pitch: 2.8163462
money: '5.0'
logoutlocation:
  world: world
  x: 14.512438202753358
  y: 91.0
  z: -32.97591064565225
  yaw: 216.13562
  pitch: 22.62427
