lastAccountName: xNotJames
timestamps:
  login: 1723176833363
  logout: 1723176672664
ipAddress: 127.254.212.77
money: '525.0'
lastlocation:
  world: rooftop
  x: -32.958855255582066
  y: 66.82711731432457
  z: 84.2993121621177
  yaw: 266.33923
  pitch: 38.200962
logoutlocation:
  world: world
  x: -35.26912029168005
  y: 71.0
  z: -2.705774035066775
  yaw: -208.71942
  pitch: 25.618795
