lastAccountName: xNotJames
timestamps:
  login: 1723184745449
  logout: 1723184763149
  lastteleport: 1723177276767
ipAddress: 127.254.212.77
money: '1000.0'
lastlocation:
  world: rooftop
  x: -70.82507166753679
  y: -1.664768000929873
  z: 37.120294667761065
  yaw: 224.7568
  pitch: 53.5561
logoutlocation:
  world: world
  x: -13.593333450646192
  y: 67.0
  z: 4.89002252610035
  yaw: 19.444801
  pitch: 15.111222
