lastAccountName: xNotJames
timestamps:
  login: 1723183588458
  logout: 1723183357410
ipAddress: 127.254.212.77
lastlocation:
  world: Mini81Q
  x: -20.03067913878303
  y: -65.60593771931667
  z: 32.781637299653056
  yaw: 218.1731
  pitch: 84.496025
money: '360.0'
logoutlocation:
  world: Mini81Q
  x: 1.364039259723619
  y: 77.0
  z: 12.362092604023715
  yaw: 15.532166
  pitch: 24.4527
