lastAccountName: xNotJames
timestamps:
  login: 1723176152858
  logout: 1723175873459
ipAddress: 127.254.212.77
money: '170.0'
lastlocation:
  world: rooftop
  x: -32.958855255582066
  y: 66.82711731432457
  z: 84.2993121621177
  yaw: 266.33923
  pitch: 38.200962
logoutlocation:
  world: world
  x: -6.934569680726178
  y: 67.0
  z: 1.9339981246675357
  yaw: -152.9293
  pitch: 1.6014998
