lastAccountName: xNotJames
timestamps:
  login: 1723218172155
  logout: 1723218196615
ipAddress: 127.254.212.77
lastlocation:
  world: Mini81Q
  x: -20.03067913878303
  y: -65.60593771931667
  z: 32.781637299653056
  yaw: 218.1731
  pitch: 84.496025
money: '360.0'
logoutlocation:
  world: world
  x: -4.644032227958947
  y: 65.41999998688698
  z: -1.6867868530952517
  yaw: -238.69878
  pitch: 24.007137
