lastAccountName: xNotJames
timestamps:
  login: 1723157978499
  logout: 1723158217310
ipAddress: 127.254.212.77
lastlocation:
  world: Mini9E
  x: 3.953975672373486
  y: 75.5
  z: 10.159153063683638
  yaw: 359.42108
  pitch: 2.8163462
money: '5.0'
logoutlocation:
  world: world
  x: -4.705223479898933
  y: 65.0
  z: -0.37048490998765643
  yaw: 85.45953
  pitch: 14.422378
