lastAccountName: xNotJames
timestamps:
  login: 1723181678650
  logout: 1723182265650
  lastteleport: 1723177276767
ipAddress: 127.254.212.77
money: '1000.0'
lastlocation:
  world: rooftop
  x: -70.82507166753679
  y: -1.664768000929873
  z: 37.120294667761065
  yaw: 224.7568
  pitch: 53.5561
logoutlocation:
  world: world
  x: -10.186714933861786
  y: 67.0
  z: -1.373564015513034
  yaw: -311.0432
  pitch: 11.108339
