lastAccountName: xNotJames
timestamps:
  login: 1723184814499
  logout: 1723184828149
  lastteleport: 1723177276767
ipAddress: 127.254.212.77
money: '1000.0'
lastlocation:
  world: rooftop
  x: -70.82507166753679
  y: -1.664768000929873
  z: 37.120294667761065
  yaw: 224.7568
  pitch: 53.5561
logoutlocation:
  world: world
  x: -26.798815932269306
  y: 70.5
  z: 0.4929404376264652
  yaw: -89.88387
  pitch: 2.8524027
