lastAccountName: xNotJames
timestamps:
  login: 1723175912509
  logout: 1723175873459
ipAddress: 127.254.212.77
money: '170.0'
lastlocation:
  world: rooftop
  x: -32.958855255582066
  y: 66.82711731432457
  z: 84.2993121621177
  yaw: 266.33923
  pitch: 38.200962
logoutlocation:
  world: world
  x: -12.00831475215553
  y: 67.0
  z: -2.245239431935892
  yaw: -35.344692
  pitch: 11.358521
