lastAccountName: xNotJames
timestamps:
  login: 1723181678650
  logout: 1723177522664
  lastteleport: 1723177276767
ipAddress: 127.254.212.77
money: '870.0'
lastlocation:
  world: rooftop
  x: -70.82507166753679
  y: -1.664768000929873
  z: 37.120294667761065
  yaw: 224.7568
  pitch: 53.5561
logoutlocation:
  world: world
  x: -27.590769624788322
  y: 70.5
  z: 0.7102965334247188
  yaw: -141.92134
  pitch: 5.6043825
