lastAccountName: xNotJames
timestamps:
  login: 1723181678650
  logout: 1723177522664
  lastteleport: 1723177276767
ipAddress: 127.254.212.77
money: '715.0'
lastlocation:
  world: rooftop
  x: -72.98732414853968
  y: -0.32502550527022533
  z: 31.774496722669216
  yaw: 40.62412
  pitch: -37.759487
logoutlocation:
  world: world
  x: -27.590769624788322
  y: 70.5
  z: 0.7102965334247188
  yaw: -141.92134
  pitch: 5.6043825
