lastAccountName: xNotJames
timestamps:
  login: 1723218197502
  logout: 1723218226851
  lastteleport: 1723177276767
ipAddress: 127.254.212.77
money: '1000.0'
lastlocation:
  world: rooftop
  x: -70.82507166753679
  y: -1.664768000929873
  z: 37.120294667761065
  yaw: 224.7568
  pitch: 53.5561
logoutlocation:
  world: world
  x: -18.89341666082899
  y: 93.43078377169341
  z: -64.78939625755257
  yaw: 41.97986
  pitch: 31.37288
