lastAccountName: xNotJames
timestamps:
  login: 1723175771785
  logout: 1723175848597
ipAddress: 127.254.212.77
lastlocation:
  world: Mini9E
  x: -7.460441105559498
  y: 67.63588500535488
  z: -30.987894827770244
  yaw: -136.09842
  pitch: 17.262331
money: '300.0'
logoutlocation:
  world: world
  x: -4.492316663352158
  y: 65.0
  z: 1.3757695738308946
  yaw: 57.513237
  pitch: 4.4931345
