lastAccountName: xNotJames
timestamps:
  login: 1723184380396
  logout: 1723184444700
ipAddress: 127.254.212.77
lastlocation:
  world: Mini81Q
  x: -20.03067913878303
  y: -65.60593771931667
  z: 32.781637299653056
  yaw: 218.1731
  pitch: 84.496025
money: '360.0'
logoutlocation:
  world: world
  x: 0.9056408530008436
  y: 65.0
  z: 0.9208045060537007
  yaw: 100.794395
  pitch: 43.020775
