lastAccountName: xNotJames
timestamps:
  login: 1723176177093
  logout: 1723176465163
ipAddress: 127.254.212.77
money: '330.0'
lastlocation:
  world: rooftop
  x: -32.958855255582066
  y: 66.82711731432457
  z: 84.2993121621177
  yaw: 266.33923
  pitch: 38.200962
logoutlocation:
  world: world
  x: -8.338570777397242
  y: 67.0
  z: -3.6918264121580666
  yaw: -135.41663
  pitch: 7.35565
