lastAccountName: xNotJames
timestamps:
  login: 1723181678650
  logout: 1723177522664
  lastteleport: 1723177276767
ipAddress: 127.254.212.77
money: '715.0'
lastlocation:
  world: varyth
  x: -79.31200800149234
  y: 89.71360000610352
  z: 32.67450738325715
  yaw: -146.39734
  pitch: 10.943145
logoutlocation:
  world: world
  x: -27.590769624788322
  y: 70.5
  z: 0.7102965334247188
  yaw: -141.92134
  pitch: 5.6043825
