lastAccountName: xNotJames
timestamps:
  login: 1723161019013
  logout: 1723159349620
ipAddress: 127.254.212.77
lastlocation:
  world: Mini9E
  x: 3.953975672373486
  y: 75.5
  z: 10.159153063683638
  yaw: 359.42108
  pitch: 2.8163462
money: '5.0'
logoutlocation:
  world: world
  x: -11.238455529226503
  y: 69.0
  z: 9.50905951283469
  yaw: 244.83313
  pitch: 62.63207
