lastAccountName: xNotJames
timestamps:
  login: 1723158755401
  logout: 1723158652432
ipAddress: 127.254.212.77
lastlocation:
  world: Mini9E
  x: 3.953975672373486
  y: 75.5
  z: 10.159153063683638
  yaw: 359.42108
  pitch: 2.8163462
money: '5.0'
logoutlocation:
  world: world
  x: 10.19597858602125
  y: 63.0
  z: 4.194725254092086
  yaw: -19.018217
  pitch: 14.537933
