lastAccountName: xNotJames
timestamps:
  login: 1723176833363
  logout: 1723176672664
ipAddress: 127.254.212.77
money: '550.0'
lastlocation:
  world: lighthouse
  x: -25.699754557572305
  y: 67.12115731997034
  z: -81.69999998807907
  yaw: 225.7249
  pitch: 8.320813
logoutlocation:
  world: world
  x: -35.26912029168005
  y: 71.0
  z: -2.705774035066775
  yaw: -208.71942
  pitch: 25.618795
