lastAccountName: xNotJames
timestamps:
  login: 1723176833363
  logout: 1723176672664
  lastteleport: 1723177276767
ipAddress: 127.254.212.77
money: '560.0'
lastlocation:
  world: lighthouse
  x: -12.760355547591258
  y: -0.7286270242801596
  z: 101.29056503508772
  yaw: -193.94229
  pitch: -37.381165
logoutlocation:
  world: world
  x: -35.26912029168005
  y: 71.0
  z: -2.705774035066775
  yaw: -208.71942
  pitch: 25.618795
