lastAccountName: xNotJames
timestamps:
  login: 1723217743707
  logout: 1723184795208
ipAddress: 127.254.212.77
lastlocation:
  world: Mini81Q
  x: -20.03067913878303
  y: -65.60593771931667
  z: 32.781637299653056
  yaw: 218.1731
  pitch: 84.496025
money: '360.0'
logoutlocation:
  world: world
  x: 1.1596586035556635
  y: 65.0
  z: -0.1233556898543139
  yaw: -31.80101
  pitch: 26.759186
