lastAccountName: xNotJames
timestamps:
  login: 1723176833363
  logout: 1723176672664
ipAddress: 127.254.212.77
money: '540.0'
lastlocation:
  world: lighthouse
  x: 7.868036330368206
  y: 72.0
  z: -79.80440852885482
  yaw: 79.11801
  pitch: 84.24601
logoutlocation:
  world: world
  x: -35.26912029168005
  y: 71.0
  z: -2.705774035066775
  yaw: -208.71942
  pitch: 25.618795
