lastAccountName: xNotJames
timestamps:
  login: 1723175771785
  logout: 1723163846862
ipAddress: 127.254.212.77
lastlocation:
  world: Mini9E
  x: -7.460441105559498
  y: 67.63588500535488
  z: -30.987894827770244
  yaw: -136.09842
  pitch: 17.262331
money: '300.0'
logoutlocation:
  world: world
  x: 13.24656725518135
  y: 63.0
  z: -0.34648189127378926
  yaw: -91.594086
  pitch: 19.253756
