lastAccountName: xNotJames
timestamps:
  login: 1723157978499
  logout: 1723157750240
ipAddress: 127.254.212.77
lastlocation:
  world: Mini9E
  x: 3.953975672373486
  y: 75.5
  z: 10.159153063683638
  yaw: 359.42108
  pitch: 2.8163462
money: '5.0'
logoutlocation:
  world: world
  x: 22.51740912506321
  y: 63.0
  z: 1.336319551828324
  yaw: 69.12377
  pitch: 20.57256
