lastAccountName: xNotJames
timestamps:
  login: 1723175771785
  logout: 1723163846862
ipAddress: 127.254.212.77
lastlocation:
  world: Mini81Q
  x: 1.3813417171032691
  y: 70.0
  z: -11.232108367390463
  yaw: 122.59792
  pitch: -14.933432
money: '295.0'
logoutlocation:
  world: world
  x: 13.24656725518135
  y: 63.0
  z: -0.34648189127378926
  yaw: -91.594086
  pitch: 19.253756
