lastAccountName: xNotJames
timestamps:
  login: 1723217726229
  logout: 1723217734352
  lastteleport: 1723177276767
ipAddress: 127.254.212.77
money: '1000.0'
lastlocation:
  world: rooftop
  x: -70.82507166753679
  y: -1.664768000929873
  z: 37.120294667761065
  yaw: 224.7568
  pitch: 53.5561
logoutlocation:
  world: world
  x: -25.828576181251478
  y: 70.0
  z: 0.49482806172571925
  yaw: -89.88387
  pitch: 2.8524027
