lastAccountName: xNotJames
timestamps:
  login: 1723218048502
  logout: 1723217734352
  lastteleport: 1723177276767
ipAddress: 127.254.212.77
money: '1000.0'
lastlocation:
  world: rooftop
  x: -70.82507166753679
  y: -1.664768000929873
  z: 37.120294667761065
  yaw: 224.7568
  pitch: 53.5561
logoutlocation:
  world: world
  x: -32.37683346439722
  y: 71.49707631050148
  z: 0.49200211558608187
  yaw: -89.88387
  pitch: 2.8524027
