lastAccountName: xNotJames
timestamps:
  login: 1723161019013
  logout: 1723163056696
ipAddress: 127.254.212.77
lastlocation:
  world: Mini81Q
  x: 1.3813417171032691
  y: 70.0
  z: -11.232108367390463
  yaw: 122.59792
  pitch: -14.933432
money: '295.0'
logoutlocation:
  world: world
  x: 4.803231916158726
  y: 67.24918707874468
  z: -5.456595307118217
  yaw: 215.34357
  pitch: 35.426426
