lastAccountName: xNotJames
timestamps:
  login: 1723161019013
  logout: 1723159349620
ipAddress: 127.254.212.77
lastlocation:
  world: Mini81Q
  x: 1.3813417171032691
  y: 70.0
  z: -11.232108367390463
  yaw: 122.59792
  pitch: -14.933432
money: '180.0'
logoutlocation:
  world: world
  x: -11.238455529226503
  y: 69.0
  z: 9.50905951283469
  yaw: 244.83313
  pitch: 62.63207
