lastAccountName: xNotJames
timestamps:
  login: 1723163829863
  logout: 1723163846862
ipAddress: 127.254.212.77
lastlocation:
  world: Mini81Q
  x: 1.3813417171032691
  y: 70.0
  z: -11.232108367390463
  yaw: 122.59792
  pitch: -14.933432
money: '295.0'
logoutlocation:
  world: world
  x: 3.269152526713687
  y: 65.0
  z: -1.1265044420632446
  yaw: -83.838486
  pitch: 19.503939
