lastAccountName: xNotJames
timestamps:
  login: 1723183588458
  logout: 1723183357410
ipAddress: 127.254.212.77
lastlocation:
  world: Mini81Q
  x: -20.03067913878303
  y: -65.60593771931667
  z: 32.781637299653056
  yaw: 218.1731
  pitch: 84.496025
money: '305.0'
logoutlocation:
  world: world
  x: 9.292281672762172
  y: 63.0
  z: 0.4931072689972371
  yaw: -89.592606
  pitch: 0.24007475
