lastAccountName: kons0las
timestamps:
  login: 1723052764393
  logout: 1723019423456
ipAddress: 127.30.38.147
logoutlocation:
  world: world
  x: 6.661007147530161
  y: 63.0
  z: 1.0457664187279585
  yaw: -84.59632
  pitch: -2.5109088
