lastAccountName: kons0las
timestamps:
  login: 1723008793131
  logout: 1723008798717
ipAddress: 127.30.38.147
logoutlocation:
  world: world
  x: 5.0854015253781775
  y: 64.0
  z: -1.4743866951414286
  yaw: -113.030014
  pitch: -53.31838
