lastAccountName: ef4etf4
timestamps:
  login: 1723045868792
  logout: 1723046562214
ipAddress: 127.30.38.147
logoutlocation:
  world: world
  x: 8.896976951974574
  y: 63.0
  z: 1.9632739816818452
  yaw: -257.33978
  pitch: -5.5381866
