lastAccountName: Briiqn
timestamps:
  login: 1723176837813
  logout: 1723176727663
ipAddress: 127.30.38.147
logoutlocation:
  world: world
  x: 7.795868373925382
  y: 68.0
  z: -11.4594637837307
  yaw: 24.13913
  pitch: 39.97889
money: '395.0'
lastlocation:
  world: lighthouse
  x: -26.672099124848614
  y: -1.8697332576404015
  z: 72.0951614130228
  yaw: 225.76337
  pitch: -3.9912837
