lastAccountName: Briiqn
timestamps:
  login: 1723181071149
  logout: 1723180945651
ipAddress: 127.30.38.147
logoutlocation:
  world: world
  x: -17.97675956081125
  y: 68.0
  z: -3.654901535607374
  yaw: 215.18494
  pitch: 15.750364
money: '720.0'
lastlocation:
  world: lighthouse
  x: -26.672099124848614
  y: -1.8697332576404015
  z: 72.0951614130228
  yaw: 225.76337
  pitch: -3.9912837
