lastAccountName: Briiqn
timestamps:
  login: 1723174915488
  logout: 1723173730721
ipAddress: 127.30.38.147
logoutlocation:
  world: world
  x: -32.47482322473648
  y: 71.0
  z: 0.49185180054454447
  yaw: -89.88387
  pitch: 2.8524027
money: '5.0'
lastlocation:
  world: rooftop
  x: -42.630769684789456
  y: -1.070646510519615
  z: 68.17673049683971
  yaw: 144.37895
  pitch: -73.82679
