lastAccountName: Briiqn
timestamps:
  login: 1723158752131
  logout: 1723158674944
ipAddress: 127.223.73.106
logoutlocation:
  world: world
  x: 3.3949255026024017
  y: 66.0
  z: 3.8258456293222185
  yaw: -236.03336
  pitch: 11.492988
lastlocation:
  world: Mini9E
  x: 2.6241360862441594
  y: -67.81415797510232
  z: 20.333168691840886
  yaw: 141.02698
  pitch: -75.46436
money: '140.0'
afk: false
