lastAccountName: Briiqn
timestamps:
  login: 1723077299869
  logout: 1723077194279
ipAddress: 127.30.38.147
logoutlocation:
  world: world
  x: 0.4805297752731945
  y: 65.0
  z: 0.4876591904060934
  yaw: -90.66304
  pitch: -2.117665
