lastAccountName: Briiqn
timestamps:
  login: 1723219470301
  logout: 1723219429352
ipAddress: 127.30.38.147
logoutlocation:
  world: world
  x: -22.078585172478665
  y: 70.0
  z: 0.49808597624477313
  yaw: -89.88387
  pitch: 2.8524027
money: '770.0'
lastlocation:
  world: rooftop
  x: -40.1551572037867
  y: -1.5161338643051772
  z: -2.699999988079073
  yaw: 97.65338
  pitch: 76.10466
