lastAccountName: Briiqn
timestamps:
  login: 1723076918195
  logout: 1723076913945
ipAddress: 127.30.38.147
logoutlocation:
  world: world
  x: 17.537293352939187
  y: 63.0
  z: -4.735547488041096
  yaw: -100.42697
  pitch: 20.471645
