lastAccountName: Briiqn
timestamps:
  login: 1723089083086
  logout: 1723089074831
ipAddress: 127.30.38.147
logoutlocation:
  world: world
  x: 11.144376046544448
  y: 63.0
  z: -1.6183295447062456
  yaw: 322.0036
  pitch: 21.255615
lastlocation:
  world: Mini9E
  x: 2.6241360862441594
  y: -67.81415797510232
  z: 20.333168691840886
  yaw: 141.02698
  pitch: -75.46436
money: '80.0'
afk: true
