lastAccountName: Briiqn
timestamps:
  login: 1723160762423
  logout: 1723160214915
ipAddress: 127.223.73.106
logoutlocation:
  world: world
  x: 16.110799445446627
  y: 64.90408037809304
  z: -4.3964228624857205
  yaw: 220.03036
  pitch: 37.00401
lastlocation:
  world: Mini9E
  x: 2.6241360862441594
  y: -67.81415797510232
  z: 20.333168691840886
  yaw: 141.02698
  pitch: -75.46436
money: '140.0'
afk: false
