lastAccountName: Briiqn
timestamps:
  login: 1723219631377
  logout: 1723219652522
ipAddress: 127.30.38.147
logoutlocation:
  world: world
  x: 11.609617147424443
  y: 63.0
  z: -7.420518935914756
  yaw: -231.1175
  pitch: -4.8255796
lastlocation:
  world: Mini81Q
  x: -0.7653522094058456
  y: 71.58230961125521
  z: -12.613919126139113
  yaw: -71.81354
  pitch: 24.322306
money: '345.0'
afk: false
