lastAccountName: Briiqn
timestamps:
  login: 1723159038703
  logout: 1723158795054
ipAddress: 127.223.73.106
logoutlocation:
  world: world
  x: -0.3623582854679619
  y: 65.0
  z: -0.0949317167535238
  yaw: -56.237045
  pitch: 11.674232
lastlocation:
  world: Mini9E
  x: 2.6241360862441594
  y: -67.81415797510232
  z: 20.333168691840886
  yaw: 141.02698
  pitch: -75.46436
money: '140.0'
afk: false
