lastAccountName: Briiqn
timestamps:
  login: 1723177430814
  logout: 1723177527663
ipAddress: 127.30.38.147
logoutlocation:
  world: world
  x: -24.612748170391733
  y: 70.0
  z: -1.8006068947644605
  yaw: -97.79367
  pitch: 10.477219
money: '720.0'
lastlocation:
  world: lighthouse
  x: -26.672099124848614
  y: -1.8697332576404015
  z: 72.0951614130228
  yaw: 225.76337
  pitch: -3.9912837
