lastAccountName: Briiqn
timestamps:
  login: 1723092537724
  logout: 1723092541474
ipAddress: 127.30.38.147
logoutlocation:
  world: world
  x: 0.48159341974595615
  y: 65.0
  z: 0.48781242198067964
  yaw: -108.406784
  pitch: 24.319784
lastlocation:
  world: Mini9E
  x: 2.6241360862441594
  y: -67.81415797510232
  z: 20.333168691840886
  yaw: 141.02698
  pitch: -75.46436
money: '80.0'
afk: false
