lastAccountName: Briiqn
timestamps:
  login: 1723220195616
  logout: 1723220541991
ipAddress: 127.30.38.147
logoutlocation:
  world: world
  x: 31.879767172223623
  y: 118.15390573285586
  z: -25.54087967685402
  yaw: -93.87454
  pitch: 32.42529
money: '770.0'
lastlocation:
  world: rooftop
  x: -40.1551572037867
  y: -1.5161338643051772
  z: -2.699999988079073
  yaw: 97.65338
  pitch: 76.10466
