lastAccountName: Briiqn
timestamps:
  login: 1723181672399
  logout: 1723182270650
ipAddress: 127.30.38.147
logoutlocation:
  world: world
  x: -19.601048624947584
  y: 69.0
  z: 0.25757713271527405
  yaw: -87.74422
  pitch: 18.600798
money: '770.0'
lastlocation:
  world: rooftop
  x: -40.1551572037867
  y: -1.5161338643051772
  z: -2.699999988079073
  yaw: 97.65338
  pitch: 76.10466
