lastAccountName: Briiqn
timestamps:
  login: 1723184458518
  logout: 1723184464824
ipAddress: 127.30.38.147
logoutlocation:
  world: Mini81Q
  x: -0.5
  y: 81.0
  z: -9.5
  yaw: 1.3539393
  pitch: -1.3539393
lastlocation:
  world: Mini81Q
  x: -0.7653522094058456
  y: 71.58230961125521
  z: -12.613919126139113
  yaw: -71.81354
  pitch: 24.322306
money: '345.0'
afk: false
