lastAccountName: Briiqn
timestamps:
  login: 1723180908349
  logout: 1723180898149
ipAddress: 127.30.38.147
logoutlocation:
  world: world
  x: 49.73294434327288
  y: 52.329911129456065
  z: -13.014767944825039
  yaw: 78.43201
  pitch: 25.085499
money: '720.0'
lastlocation:
  world: lighthouse
  x: -26.672099124848614
  y: -1.8697332576404015
  z: 72.0951614130228
  yaw: 225.76337
  pitch: -3.9912837
