lastAccountName: Briiqn
timestamps:
  login: 1723161636519
  logout: 1723161680800
ipAddress: 127.223.73.106
logoutlocation:
  world: Mini81Q
  x: -10.39111480400048
  y: 77.0
  z: -3.8730956591777153
  yaw: -113.58825
  pitch: 23.23071
lastlocation:
  world: Mini81Q
  x: -0.7653522094058456
  y: 71.58230961125521
  z: -12.613919126139113
  yaw: -71.81354
  pitch: 24.322306
money: '215.0'
afk: false
