lastAccountName: Briiqn
timestamps:
  login: 1723222602390
  logout: 1723222549488
ipAddress: 127.30.38.147
logoutlocation:
  world: world
  x: -76.75059981190847
  y: 107.22732162593849
  z: 35.33566990248952
  yaw: 278.81268
  pitch: 27.650808
money: '770.0'
lastlocation:
  world: rooftop
  x: -40.1551572037867
  y: -1.5161338643051772
  z: -2.699999988079073
  yaw: 97.65338
  pitch: 76.10466
