lastAccountName: Briiqn
timestamps:
  login: 1723161540684
  logout: 1723161533233
ipAddress: 127.223.73.106
logoutlocation:
  world: Mini9E
  x: 0.5
  y: 74.0
  z: -50.5
  yaw: 42.470924
  pitch: 12.826794
lastlocation:
  world: Mini81Q
  x: -0.7653522094058456
  y: 71.58230961125521
  z: -12.613919126139113
  yaw: -71.81354
  pitch: 24.322306
money: '205.0'
afk: false
