lastAccountName: Briiqn
timestamps:
  login: 1723158578282
  logout: 1723158097047
ipAddress: 127.223.73.106
logoutlocation:
  world: world
  x: 13.134116188368992
  y: 63.0
  z: -1.058744252457387
  yaw: -97.147705
  pitch: 5.0083313
lastlocation:
  world: Mini9E
  x: 2.6241360862441594
  y: -67.81415797510232
  z: 20.333168691840886
  yaw: 141.02698
  pitch: -75.46436
money: '140.0'
afk: false
