lastAccountName: Briiqn
timestamps:
  login: 1723091465203
  logout: 1723091626208
ipAddress: 127.30.38.147
logoutlocation:
  world: world
  x: 26.69104998271985
  y: 71.03851108846384
  z: -5.666588435131297
  yaw: 15.401001
  pitch: 1.7304176
lastlocation:
  world: Mini9E
  x: 2.6241360862441594
  y: -67.81415797510232
  z: 20.333168691840886
  yaw: 141.02698
  pitch: -75.46436
money: '80.0'
afk: false
