lastAccountName: Briiqn
timestamps:
  login: 1723156652350
  logout: 1723152085967
ipAddress: 127.223.73.106
logoutlocation:
  world: world
  x: 10.216058044157329
  y: 63.0
  z: 0.47966262962138906
  yaw: -90.23549
  pitch: -1.7613653
lastlocation:
  world: Mini9E
  x: 2.6241360862441594
  y: -67.81415797510232
  z: 20.333168691840886
  yaw: 141.02698
  pitch: -75.46436
money: '140.0'
afk: false
