lastAccountName: Briiqn
timestamps:
  login: 1723176837813
  logout: 1723176727663
ipAddress: 127.30.38.147
logoutlocation:
  world: world
  x: 7.795868373925382
  y: 68.0
  z: -11.4594637837307
  yaw: 24.13913
  pitch: 39.97889
money: '310.0'
lastlocation:
  world: polemus
  x: -80.24169029923044
  y: 100.04488488728204
  z: -30.796394733834752
  yaw: 320.54895
  pitch: 20.191805
