lastAccountName: Briiqn
timestamps:
  login: 1723181440299
  logout: 1723181448149
ipAddress: 127.30.38.147
logoutlocation:
  world: world
  x: 4.125484901545919
  y: 67.0
  z: 6.814767087504936
  yaw: 32.3982
  pitch: 12.543757
money: '720.0'
lastlocation:
  world: lighthouse
  x: -26.672099124848614
  y: -1.8697332576404015
  z: 72.0951614130228
  yaw: 225.76337
  pitch: -3.9912837
