lastAccountName: Briiqn
timestamps:
  login: 1723176149312
  logout: 1723175900958
ipAddress: 127.30.38.147
logoutlocation:
  world: world
  x: -0.5548854034075272
  y: 68.0
  z: -8.614131825007295
  yaw: -302.59543
  pitch: 11.617451
money: '110.0'
lastlocation:
  world: rooftop
  x: -70.03938037233246
  y: -0.4803609575715426
  z: 40.69999998807906
  yaw: 349.17535
  pitch: -90.0
