lastAccountName: Briiqn
timestamps:
  login: 1723086024735
  logout: 1723086152466
ipAddress: 127.30.38.147
logoutlocation:
  world: world
  x: 6.5387472454849185
  y: 63.0
  z: 0.057361479480766225
  yaw: 278.96185
  pitch: 19.830326
