lastAccountName: Briiqn
timestamps:
  login: 1723141068835
  logout: 1723141855779
ipAddress: 127.30.38.147
logoutlocation:
  world: world
  x: -9.717356916780684
  y: 70.0
  z: -21.240763995068527
  yaw: 91.69097
  pitch: 16.90868
lastlocation:
  world: Mini9E
  x: 2.6241360862441594
  y: -67.81415797510232
  z: 20.333168691840886
  yaw: 141.02698
  pitch: -75.46436
money: '140.0'
afk: false
