lastAccountName: Briiqn
timestamps:
  login: 1723219664001
  logout: 1723219519351
ipAddress: 127.30.38.147
logoutlocation:
  world: world
  x: -3.77148460602043
  y: 67.0
  z: -1.9047411673576047
  yaw: -266.39398
  pitch: 13.826577
money: '770.0'
lastlocation:
  world: rooftop
  x: -40.1551572037867
  y: -1.5161338643051772
  z: -2.699999988079073
  yaw: 97.65338
  pitch: 76.10466
