lastAccountName: Briiqn
timestamps:
  login: 1723075226668
  logout: 1723075222418
ipAddress: 127.30.38.147
logoutlocation:
  world: Mini81Q
  x: -0.669064190238714
  y: 81.0
  z: -9.699999988079071
  yaw: 4.4893928
  pitch: 58.360775
