lastAccountName: Briiqn
timestamps:
  login: 1723160703576
  logout: 1723160214915
ipAddress: 127.223.73.106
logoutlocation:
  world: world
  x: -1.984832671351672
  y: 65.0
  z: -0.10215842066220832
  yaw: -61.232723
  pitch: 6.7185707
lastlocation:
  world: Mini9E
  x: 2.6241360862441594
  y: -67.81415797510232
  z: 20.333168691840886
  yaw: 141.02698
  pitch: -75.46436
money: '140.0'
afk: false
