lastAccountName: Briiqn
timestamps:
  login: 1723092494225
  logout: 1723092501473
ipAddress: 127.30.38.147
logoutlocation:
  world: world
  x: 1.0006834174371586
  y: 65.0
  z: 0.4254181856366346
  yaw: -109.190674
  pitch: 14.699676
lastlocation:
  world: Mini9E
  x: 2.6241360862441594
  y: -67.81415797510232
  z: 20.333168691840886
  yaw: 141.02698
  pitch: -75.46436
money: '80.0'
afk: false
