lastAccountName: Briiqn
timestamps:
  login: 1723075097077
ipAddress: 127.30.38.147
logoutlocation:
  world: world
  x: 0.4805297752731945
  y: 65.0
  z: 0.4876591904060934
  yaw: -89.950455
  pitch: -1.0487655
