lastAccountName: Briiqn
timestamps:
  login: 1723222602390
  logout: 1723222621988
ipAddress: 127.30.38.147
logoutlocation:
  world: world
  x: 0.8858387501954291
  y: 121.67602545776165
  z: -9.188954689587082
  yaw: 310.89905
  pitch: 57.437588
money: '770.0'
lastlocation:
  world: rooftop
  x: -40.1551572037867
  y: -1.5161338643051772
  z: -2.699999988079073
  yaw: 97.65338
  pitch: 76.10466
