lastAccountName: Briiqn
timestamps:
  login: 1723161892532
  logout: 1723161790845
ipAddress: 127.223.73.106
logoutlocation:
  world: Mini81Q
  x: -15.376399787824294
  y: 73.92159999847412
  z: -5.793919232240751
  yaw: 243.63782
  pitch: 51.163364
lastlocation:
  world: Mini81Q
  x: -0.7653522094058456
  y: 71.58230961125521
  z: -12.613919126139113
  yaw: -71.81354
  pitch: 24.322306
money: '220.0'
afk: false
