lastAccountName: Briiqn
timestamps:
  login: 1723175842661
  logout: 1723173730721
ipAddress: 127.30.38.147
logoutlocation:
  world: world
  x: -32.47482322473648
  y: 71.0
  z: 0.49185180054454447
  yaw: -89.88387
  pitch: 2.8524027
money: '110.0'
lastlocation:
  world: rooftop
  x: -70.03938037233246
  y: -0.4803609575715426
  z: 40.69999998807906
  yaw: 349.17535
  pitch: -90.0
