lastAccountName: Briiqn
timestamps:
  login: 1723091892051
  logout: 1723091953837
ipAddress: 127.30.38.147
logoutlocation:
  world: world
  x: 7.200844826879638
  y: 63.0
  z: -2.0380525097631508
  yaw: -54.03546
  pitch: 7.4311724
lastlocation:
  world: Mini9E
  x: 2.6241360862441594
  y: -67.81415797510232
  z: 20.333168691840886
  yaw: 141.02698
  pitch: -75.46436
money: '80.0'
afk: false
