lastAccountName: Briiqn
timestamps:
  login: 1723168611075
  logout: 1723168764925
ipAddress: 127.223.73.106
logoutlocation:
  world: world
  x: 7.527046196927027
  y: 63.0
  z: -1.7674386170917322
  yaw: 226.15825
  pitch: 15.056031
lastlocation:
  world: Mini81Q
  x: -0.7653522094058456
  y: 71.58230961125521
  z: -12.613919126139113
  yaw: -71.81354
  pitch: 24.322306
money: '225.0'
afk: false
