lastAccountName: Briiqn
timestamps:
  login: 1723219433926
  logout: 1723219449889
ipAddress: 127.30.38.147
logoutlocation:
  world: world
  x: -11.699999988079071
  y: 65.5
  z: 4.360781560046676
  yaw: 89.26805
  pitch: 20.614243
lastlocation:
  world: Mini81Q
  x: -0.7653522094058456
  y: 71.58230961125521
  z: -12.613919126139113
  yaw: -71.81354
  pitch: 24.322306
money: '345.0'
afk: false
