lastAccountName: Briiqn
timestamps:
  login: 1723181672399
  logout: 1723181528150
ipAddress: 127.30.38.147
logoutlocation:
  world: world
  x: -27.057224418516714
  y: 73.0
  z: -6.274905181497733
  yaw: -83.7612
  pitch: 42.18794
money: '725.0'
lastlocation:
  world: rooftop
  x: -31.84368871396277
  y: 34.0
  z: -49.55092898441531
  yaw: 4.446869
  pitch: 77.04023
