lastAccountName: Briiqn
timestamps:
  login: 1723181672399
  logout: 1723181528150
ipAddress: 127.30.38.147
logoutlocation:
  world: world
  x: -27.057224418516714
  y: 73.0
  z: -6.274905181497733
  yaw: -83.7612
  pitch: 42.18794
money: '740.0'
lastlocation:
  world: rooftop
  x: -40.1551572037867
  y: -1.5161338643051772
  z: -2.699999988079073
  yaw: 97.65338
  pitch: 76.10466
