lastAccountName: Briiqn
timestamps:
  login: 1723076787620
  logout: 1723075307441
ipAddress: 127.30.38.147
logoutlocation:
  world: world
  x: 0.4805297752731945
  y: 65.0
  z: 0.4876591904060934
  yaw: -89.950455
  pitch: -0.051126167
