lastAccountName: Briiqn
timestamps:
  login: 1723180810497
  logout: 1723177677663
ipAddress: 127.30.38.147
logoutlocation:
  world: world
  x: -18.34210077949946
  y: 68.5
  z: 0.2767573872889503
  yaw: -92.734215
  pitch: 4.348862
money: '720.0'
lastlocation:
  world: lighthouse
  x: -26.672099124848614
  y: -1.8697332576404015
  z: 72.0951614130228
  yaw: 225.76337
  pitch: -3.9912837
