lastAccountName: Briiqn
timestamps:
  login: 1723161572862
  logout: 1723161565762
ipAddress: 127.223.73.106
logoutlocation:
  world: world
  x: 19.379126877508014
  y: 63.0
  z: -13.196766074559807
  yaw: -76.981125
  pitch: 15.26977
lastlocation:
  world: Mini81Q
  x: -0.7653522094058456
  y: 71.58230961125521
  z: -12.613919126139113
  yaw: -71.81354
  pitch: 24.322306
money: '205.0'
afk: false
