lastAccountName: Briiqn
timestamps:
  login: 1723175707156
  logout: 1723175838550
ipAddress: 127.30.38.147
logoutlocation:
  world: Mini9E
  x: -6.201126946941556
  y: 67.25274040579959
  z: -33.63271140405404
  yaw: -40.68945
  pitch: 18.24157
lastlocation:
  world: Mini81Q
  x: -0.7653522094058456
  y: 71.58230961125521
  z: -12.613919126139113
  yaw: -71.81354
  pitch: 24.322306
money: '285.0'
afk: false
