lastAccountName: Briiqn
timestamps:
  login: 1723183572166
  logout: 1723181091365
ipAddress: 127.30.38.147
logoutlocation:
  world: Mini81Q
  x: -3.1803454709744714
  y: 77.0
  z: 18.502706816662467
  yaw: -311.40143
  pitch: 4.274504
lastlocation:
  world: Mini81Q
  x: -0.7653522094058456
  y: 71.58230961125521
  z: -12.613919126139113
  yaw: -71.81354
  pitch: 24.322306
money: '345.0'
afk: false
