lastAccountName: Briiqn
timestamps:
  login: 1723076948282
  logout: 1723076941481
ipAddress: 127.30.38.147
logoutlocation:
  world: Mini9E
  x: 0.30000001192092896
  y: 74.0
  z: -50.30000001192093
  yaw: 8.052261
  pitch: 25.012196
