lastAccountName: Briiqn
timestamps:
  login: 1723224253231
  logout: 1723222836037
ipAddress: 127.30.38.147
logoutlocation:
  world: Mini31E
  x: 2.0695026654150186
  y: 86.0
  z: -13.103648651323526
  yaw: 44.189545
  pitch: 24.799185
lastlocation:
  world: Mini9E
  x: -5.444705410489183
  y: 68.32428419037767
  z: -31.001247765670275
  yaw: -199.16986
  pitch: 73.25418
money: '350.0'
afk: false
