lastAccountName: Briiqn
timestamps:
  login: 1723086024735
  logout: 1723077329320
ipAddress: 127.30.38.147
logoutlocation:
  world: world
  x: 0.6288233241654775
  y: 65.0
  z: 0.4875810606566393
  yaw: -90.09297
  pitch: -1.7613653
