lastAccountName: Briiqn
timestamps:
  login: 1723184458518
  logout: 1723184429667
ipAddress: 127.30.38.147
logoutlocation:
  world: world
  x: 12.961329968100603
  y: 63.0
  z: -2.0368993984036594
  yaw: 57.77426
  pitch: 13.559601
lastlocation:
  world: Mini81Q
  x: -0.7653522094058456
  y: 71.58230961125521
  z: -12.613919126139113
  yaw: -71.81354
  pitch: 24.322306
money: '345.0'
afk: false
