lastAccountName: Briiqn
timestamps:
  login: 1723226337438
  logout: 1723222621988
ipAddress: 127.30.38.147
logoutlocation:
  world: world
  x: -8.705190873116841
  y: 71.0
  z: 0.4967837635934198
  yaw: -89.88387
  pitch: 2.8524027
money: '770.0'
lastlocation:
  world: rooftop
  x: -40.1551572037867
  y: -1.5161338643051772
  z: -2.699999988079073
  yaw: 97.65338
  pitch: 76.10466
