lastAccountName: Briiqn
timestamps:
  login: 1723226804671
  logout: 1723224597659
ipAddress: 127.30.38.147
logoutlocation:
  world: world
  x: 3.0205786586357455
  y: 65.0
  z: -0.39431551373603213
  yaw: 206.42036
  pitch: 14.842015
lastlocation:
  world: Mini9E
  x: -5.444705410489183
  y: 68.32428419037767
  z: -31.001247765670275
  yaw: -199.16986
  pitch: 73.25418
money: '350.0'
afk: false
