lastAccountName: Briiqn
timestamps:
  login: 1723176225764
  logout: 1723176220163
ipAddress: 127.30.38.147
logoutlocation:
  world: world
  x: -13.541613418961203
  y: 67.0
  z: 5.3438096102640005
  yaw: 220.59586
  pitch: 0.21577668
money: '210.0'
lastlocation:
  world: rooftop
  x: -30.42646812844972
  y: 67.1145007804762
  z: -80.74017968009838
  yaw: 312.9345
  pitch: 21.95691
