lastAccountName: Briiqn
timestamps:
  login: 1723091353877
  logout: 1723091341025
ipAddress: 127.30.38.147
logoutlocation:
  world: world
  x: 12.45078817875179
  y: 65.05037075274262
  z: -14.493882382047177
  yaw: 308.32214
  pitch: 35.507713
lastlocation:
  world: Mini9E
  x: 2.6241360862441594
  y: -67.81415797510232
  z: 20.333168691840886
  yaw: 141.02698
  pitch: -75.46436
money: '80.0'
afk: false
