lastAccountName: Briiqn
timestamps:
  login: 1723141068835
  logout: 1723092754044
ipAddress: 127.30.38.147
logoutlocation:
  world: world
  x: -11.363280940203108
  y: 65.5
  z: -1.0851166450414247
  yaw: 98.31847
  pitch: 18.476454
lastlocation:
  world: Mini9E
  x: 2.6241360862441594
  y: -67.81415797510232
  z: 20.333168691840886
  yaw: 141.02698
  pitch: -75.46436
money: '80.0'
afk: false
