lastAccountName: Briiqn
timestamps:
  login: 1723146000484
  logout: 1723141855779
ipAddress: 127.30.38.147
logoutlocation:
  world: world
  x: 0.5497160042946054
  y: 65.0
  z: 0.4876390133984163
  yaw: -77.194916
  pitch: 10.637868
lastlocation:
  world: Mini9E
  x: 2.6241360862441594
  y: -67.81415797510232
  z: 20.333168691840886
  yaw: 141.02698
  pitch: -75.46436
money: '140.0'
afk: false
