lastAccountName: Briiqn
timestamps:
  login: 1723076766333
  logout: 1723075307441
ipAddress: 127.30.38.147
logoutlocation:
  world: world
  x: 1.0367913727097247
  y: 65.0
  z: 0.4808770447452435
  yaw: -94.58189
  pitch: 14.485886
