lastAccountName: Briiqn
timestamps:
  login: 1723181157599
  logout: 1723181160652
ipAddress: 127.30.38.147
logoutlocation:
  world: world
  x: -22.5975933904236
  y: 70.0
  z: 2.103244423328003
  yaw: 94.75058
  pitch: 8.196897
money: '720.0'
lastlocation:
  world: lighthouse
  x: -26.672099124848614
  y: -1.8697332576404015
  z: 72.0951614130228
  yaw: 225.76337
  pitch: -3.9912837
