lastAccountName: Briiqn
timestamps:
  login: 1723184517268
  logout: 1723184519929
ipAddress: 127.30.38.147
logoutlocation:
  world: world
  x: 0.4805297752731945
  y: 65.0
  z: 0.4876591904060934
  yaw: -90.09297
  pitch: -1.7613653
lastlocation:
  world: Mini81Q
  x: -0.7653522094058456
  y: 71.58230961125521
  z: -12.613919126139113
  yaw: -71.81354
  pitch: 24.322306
money: '345.0'
afk: false
