lastAccountName: Briiqn
timestamps:
  login: 1723176225764
  logout: 1723176220163
ipAddress: 127.30.38.147
logoutlocation:
  world: world
  x: -13.541613418961203
  y: 67.0
  z: 5.3438096102640005
  yaw: 220.59586
  pitch: 0.21577668
money: '305.0'
lastlocation:
  world: polemus
  x: -80.24169029923044
  y: 100.04488488728204
  z: -30.796394733834752
  yaw: 320.54895
  pitch: 20.191805
