lastAccountName: Briiqn
timestamps:
  login: 1723222626628
  logout: 1723219652522
ipAddress: 127.30.38.147
logoutlocation:
  world: Mini31E
  x: 2.0695026654150186
  y: 86.0
  z: -13.103648651323526
  yaw: 44.189545
  pitch: 24.799185
lastlocation:
  world: Mini81Q
  x: -0.7653522094058456
  y: 71.58230961125521
  z: -12.613919126139113
  yaw: -71.81354
  pitch: 24.322306
money: '345.0'
afk: false
