lastAccountName: Briiqn
timestamps:
  login: 1723088485450
  logout: 1723086152466
ipAddress: 127.30.38.147
logoutlocation:
  world: world
  x: 6.5387472454849185
  y: 63.0
  z: 0.057361479480766225
  yaw: 278.96185
  pitch: 19.830326
lastlocation:
  world: Mini9E
  x: -65.77520090135027
  y: -67.94607221501127
  z: 39.747356005155794
  yaw: -102.037895
  pitch: -65.329384
money: '10.0'
