lastAccountName: Briiqn
timestamps:
  login: 1723226804671
  logout: 1723226835819
ipAddress: 127.30.38.147
logoutlocation:
  world: world
  x: 26.539282439505016
  y: 63.0
  z: -4.646402136978645
  yaw: -189.71434
  pitch: 16.552452
lastlocation:
  world: Mini9E
  x: -5.444705410489183
  y: 68.32428419037767
  z: -31.001247765670275
  yaw: -199.16986
  pitch: 73.25418
money: '350.0'
afk: false
