lastAccountName: Briiqn
timestamps:
  login: 1723180779432
  logout: 1723180780742
ipAddress: 127.30.38.147
logoutlocation:
  world: world
  x: 12.856791095171648
  y: 63.0
  z: 1.137846470081484
  yaw: -72.91928
  pitch: 3.5831323
lastlocation:
  world: Mini81Q
  x: -0.7653522094058456
  y: 71.58230961125521
  z: -12.613919126139113
  yaw: -71.81354
  pitch: 24.322306
money: '285.0'
afk: false
