lastAccountName: Briiqn
timestamps:
  login: 1723181672399
  logout: 1723181528150
ipAddress: 127.30.38.147
logoutlocation:
  world: world
  x: -27.057224418516714
  y: 73.0
  z: -6.274905181497733
  yaw: -83.7612
  pitch: 42.18794
money: '740.0'
lastlocation:
  world: rooftop
  x: -22.316847537003923
  y: -0.9397268140589867
  z: -49.423330199861795
  yaw: 0.2446289
  pitch: 47.315315
