lastAccountName: Briiqn
timestamps:
  login: 1723159068738
  logout: 1723159111915
ipAddress: 127.223.73.106
logoutlocation:
  world: world
  x: 5.756819539824925
  y: 63.5
  z: 1.862245998349597
  yaw: 132.16684
  pitch: 25.958765
lastlocation:
  world: Mini9E
  x: 2.6241360862441594
  y: -67.81415797510232
  z: 20.333168691840886
  yaw: 141.02698
  pitch: -75.46436
money: '140.0'
afk: false
