lastAccountName: Briiqn
timestamps:
  login: 1723183572166
  logout: 1723181091365
ipAddress: 127.30.38.147
logoutlocation:
  world: world
  x: 10.673207207796272
  y: 63.0
  z: 0.48582849906536474
  yaw: -89.950455
  pitch: -1.9751452
lastlocation:
  world: Mini81Q
  x: -0.7653522094058456
  y: 71.58230961125521
  z: -12.613919126139113
  yaw: -71.81354
  pitch: 24.322306
money: '285.0'
afk: false
