lastAccountName: Briiqn
timestamps:
  login: 1723158081573
  logout: 1723156695840
ipAddress: 127.223.73.106
logoutlocation:
  world: world
  x: 10.377324901069871
  y: 63.0
  z: -0.03736232943087203
  yaw: -93.72722
  pitch: -0.193646
lastlocation:
  world: Mini9E
  x: 2.6241360862441594
  y: -67.81415797510232
  z: 20.333168691840886
  yaw: 141.02698
  pitch: -75.46436
money: '140.0'
afk: false
