lastAccountName: Briiqn
timestamps:
  login: 1723089083086
  logout: 1723091003426
ipAddress: 127.30.38.147
logoutlocation:
  world: world
  x: 22.662946203917738
  y: 63.0
  z: -2.837412610730552
  yaw: 30.704554
  pitch: 7.787602
lastlocation:
  world: Mini9E
  x: 2.6241360862441594
  y: -67.81415797510232
  z: 20.333168691840886
  yaw: 141.02698
  pitch: -75.46436
money: '80.0'
afk: false
