lastAccountName: Briiqn
timestamps:
  login: 1723168611075
  logout: 1723161946145
ipAddress: 127.223.73.106
logoutlocation:
  world: Mini31E
  x: 1.4562779999468514
  y: 87.5
  z: -4.913337902958419
  yaw: 56.69368
  pitch: 69.919785
lastlocation:
  world: Mini81Q
  x: -0.7653522094058456
  y: 71.58230961125521
  z: -12.613919126139113
  yaw: -71.81354
  pitch: 24.322306
money: '225.0'
afk: false
