lastAccountName: Briiqn
timestamps:
  login: 1723160956886
  logout: 1723160805395
ipAddress: 127.223.73.106
logoutlocation:
  world: world
  x: 6.189784177522127
  y: 63.5
  z: 0.25310541802191866
  yaw: -92.58698
  pitch: 19.474098
lastlocation:
  world: Mini81Q
  x: -0.7653522094058456
  y: 71.58230961125521
  z: -12.613919126139113
  yaw: -71.81354
  pitch: 24.322306
money: '205.0'
afk: false
