lastAccountName: Briiqn
timestamps:
  login: 1723176225764
  logout: 1723176220163
ipAddress: 127.30.38.147
logoutlocation:
  world: world
  x: -13.541613418961203
  y: 67.0
  z: 5.3438096102640005
  yaw: 220.59586
  pitch: 0.21577668
money: '175.0'
lastlocation:
  world: rooftop
  x: -70.03938037233246
  y: -0.4803609575715426
  z: 40.69999998807906
  yaw: 349.17535
  pitch: -90.0
