lastAccountName: Briiqn
timestamps:
  login: 1723161572862
  logout: 1723161615766
ipAddress: 127.223.73.106
logoutlocation:
  world: Mini9E
  x: -30.309208403924796
  y: 68.0
  z: -27.582768924347082
  yaw: -26.793755
  pitch: 19.667747
lastlocation:
  world: Mini81Q
  x: -0.7653522094058456
  y: 71.58230961125521
  z: -12.613919126139113
  yaw: -71.81354
  pitch: 24.322306
money: '210.0'
afk: false
