lastAccountName: Briiqn
timestamps:
  login: 1723179376628
  logout: 1723179379028
ipAddress: 127.30.38.147
logoutlocation:
  world: world
  x: 4.870786337578959
  y: 64.0
  z: 0.4850228165408499
  yaw: -90.09297
  pitch: -1.7613653
lastlocation:
  world: Mini81Q
  x: -0.7653522094058456
  y: 71.58230961125521
  z: -12.613919126139113
  yaw: -71.81354
  pitch: 24.322306
money: '285.0'
afk: false
