lastAccountName: Briiqn
timestamps:
  login: 1723159068738
  logout: 1723158795054
ipAddress: 127.223.73.106
logoutlocation:
  world: world
  x: -2.98575893593317
  y: 66.0
  z: -19.69999998807907
  yaw: 150.4805
  pitch: 14.842193
lastlocation:
  world: Mini9E
  x: 2.6241360862441594
  y: -67.81415797510232
  z: 20.333168691840886
  yaw: 141.02698
  pitch: -75.46436
money: '140.0'
afk: false
