lastAccountName: Briiqn
timestamps:
  login: 1723089083086
  logout: 1723089074831
ipAddress: 127.30.38.147
logoutlocation:
  world: world
  x: 11.144376046544448
  y: 63.0
  z: -1.6183295447062456
  yaw: 322.0036
  pitch: 21.255615
lastlocation:
  world: Mini81Q
  x: 25.693415634405643
  y: -72.063345053847
  z: 19.467903695636362
  yaw: -304.89694
  pitch: -74.46793
money: '75.0'
