lastAccountName: Briiqn
timestamps:
  login: 1723075097077
ipAddress: 127.30.38.147
logoutlocation:
  world: world
  x: 10.046199993728328
  y: 63.0
  z: 8.583806209248491
  yaw: 132.1662
  pitch: 8.998904
