lastAccountName: Briiqn
timestamps:
  login: 1723091465203
  logout: 1723091448653
ipAddress: 127.30.38.147
logoutlocation:
  world: world
  x: 17.617643230685434
  y: 63.0
  z: -15.842896057747119
  yaw: 185.82512
  pitch: -17.153393
lastlocation:
  world: Mini9E
  x: 2.6241360862441594
  y: -67.81415797510232
  z: 20.333168691840886
  yaw: 141.02698
  pitch: -75.46436
money: '80.0'
afk: false
