lastAccountName: Briiqn
timestamps:
  login: 1723076948282
  logout: 1723076976527
ipAddress: 127.30.38.147
logoutlocation:
  world: world
  x: 0.6063100437399246
  y: 65.0
  z: 0.4876289601998298
  yaw: -90.09297
  pitch: -1.7613653
