lastAccountName: Briiqn
timestamps:
  login: 1723160762423
  logout: 1723160805395
ipAddress: 127.223.73.106
logoutlocation:
  world: world
  x: 6.189784177522127
  y: 63.5
  z: 0.25310541802191866
  yaw: -92.58698
  pitch: 19.474098
lastlocation:
  world: Mini9E
  x: 2.6241360862441594
  y: -67.81415797510232
  z: 20.333168691840886
  yaw: 141.02698
  pitch: -75.46436
money: '140.0'
afk: false
