lastAccountName: Briiqn
timestamps:
  login: 1723158752131
  logout: 1723158795054
ipAddress: 127.223.73.106
logoutlocation:
  world: world
  x: 1.3090566088624853
  y: 65.0
  z: 0.48739024377421636
  yaw: -92.65831
  pitch: 0.8039933
lastlocation:
  world: Mini9E
  x: 2.6241360862441594
  y: -67.81415797510232
  z: 20.333168691840886
  yaw: 141.02698
  pitch: -75.46436
money: '140.0'
afk: false
