lastAccountName: Briiqn
timestamps:
  login: 1723181672399
  logout: 1723181528150
ipAddress: 127.30.38.147
logoutlocation:
  world: world
  x: -27.057224418516714
  y: 73.0
  z: -6.274905181497733
  yaw: -83.7612
  pitch: 42.18794
money: '730.0'
lastlocation:
  world: rooftop
  x: 28.699999988079064
  y: 48.0
  z: -39.3056018565651
  yaw: 248.79161
  pitch: 82.87415
