lastAccountName: Emirhan13TR
timestamps:
  login: 1613409099207
  logout: 1613409230411
ipAddress: 195.142.71.14
logoutlocation:
  world: world
  x: -25.09784166583006
  y: 70.0
  z: 2.468452931823129
  yaw: 73.31628
  pitch: 46.652405
