lastAccountName: Briiqn
timestamps:
  login: 1723004627045
  logout: 1723005830464
ipAddress: 127.30.38.147
logoutlocation:
  world: world
  x: 3.89877910397796
  y: 64.5
  z: 1.6459641075664921
  yaw: -325.24805
  pitch: 25.31729
afk: false
