lastAccountName: Briiqn
timestamps:
  login: 1723004627045
  logout: 1723004008831
ipAddress: 127.30.38.147
logoutlocation:
  world: world
  x: 47.52948711123669
  y: 64.0
  z: 9.980064898617883
  yaw: 7.2478123
  pitch: 21.896866
afk: false
