lastAccountName: Briiqn
timestamps:
  login: 1723070405580
  logout: 1723063825621
ipAddress: 127.30.38.147
logoutlocation:
  world: world
  x: 8.169629389055588
  y: 63.0
  z: 3.5615096812340026
  yaw: -19.990776
  pitch: 74.150826
afk: false
lastlocation:
  world: Mini81Q
  x: -15.749185716729652
  y: -65.1425653569525
  z: -0.6260248355536469
  yaw: -128.33788
  pitch: -61.711185
money: '300.0'
