lastAccountName: Briiqn
timestamps:
  login: 1723023110075
  logout: 1723022905878
ipAddress: 127.30.38.147
logoutlocation:
  world: world
  x: 0.9768614944053543
  y: 65.0
  z: 0.3070065460421612
  yaw: -109.081406
  pitch: 38.713974
afk: false
