lastAccountName: Briiqn
timestamps:
  login: 1722994271127
  logout: 1722993827275
ipAddress: 127.30.38.147
logoutlocation:
  world: Mini81Q
  x: 11.689929032841652
  y: 79.95817274762436
  z: 31.683112780218316
  yaw: 135.11151
  pitch: 14.820792
afk: true
