lastAccountName: Briiqn
timestamps:
  login: 1723071937352
  logout: 1723071934101
ipAddress: 127.30.38.147
logoutlocation:
  world: Mini9E
  x: 0.30000001192092896
  y: 74.0
  z: -50.30000001192093
  yaw: 13.681947
  pitch: 37.554096
afk: false
lastlocation:
  world: Mini81Q
  x: -15.749185716729652
  y: -65.1425653569525
  z: -0.6260248355536469
  yaw: -128.33788
  pitch: -61.711185
money: '300.0'
