lastAccountName: Briiqn
timestamps:
  login: 1723070405580
  logout: 1723063825621
ipAddress: 127.30.38.147
logoutlocation:
  world: world
  x: 8.169629389055588
  y: 63.0
  z: 3.5615096812340026
  yaw: -19.990776
  pitch: 74.150826
afk: false
lastlocation:
  world: Mini31E
  x: -15.00815949657715
  y: -64.5352377804074
  z: -32.20946110912733
  yaw: -73.685394
  pitch: -85.29874
money: '285.0'
