lastAccountName: Briiqn
timestamps:
  login: 1723047466245
  logout: 1723047462595
ipAddress: 127.30.38.147
logoutlocation:
  world: world
  x: 19.93679279735282
  y: 63.0
  z: -14.362420642382435
  yaw: 57.35324
  pitch: 20.849854
afk: false
