lastAccountName: Briiqn
timestamps:
  login: 1723172512260
  logout: 1723172634686
ipAddress: 127.0.0.1
logoutlocation:
  world: world
  x: -21.605483519755488
  y: 69.5
  z: 0.4967683568041035
  yaw: -121.452
  pitch: 12.900058
