lastAccountName: Briiqn
timestamps:
  login: 1723021767324
  logout: 1723021745274
ipAddress: 127.30.38.147
logoutlocation:
  world: Mini9E
  x: 33.01302577190643
  y: 74.95778788029506
  z: -28.26525559212078
  yaw: 114.5625
  pitch: 60.02697
afk: false
