lastAccountName: Briiqn
timestamps:
  login: 1723063049170
  logout: 1723062201854
ipAddress: 127.30.38.147
logoutlocation:
  world: Mini31E
  x: -4.0801561363722
  y: 91.0
  z: -36.11639108638953
  yaw: -266.58487
  pitch: 23.800854
afk: false
lastlocation:
  world: Mini81Q
  x: -4.067884764657013
  y: 76.0
  z: 7.699999988079071
  yaw: -11.975756
  pitch: -11.259193
money: '90.0'
