lastAccountName: Briiqn
timestamps:
  login: 1723047633251
  logout: 1723047627700
ipAddress: 127.30.38.147
logoutlocation:
  world: world
  x: 0.4805297752731945
  y: 65.0
  z: 0.4876591904060934
  yaw: -91.46713
  pitch: 13.854113
afk: false
