lastAccountName: Briiqn
timestamps:
  login: 1723019439309
  logout: 1723019353402
ipAddress: 127.30.38.147
logoutlocation:
  world: world
  x: 47.69999998807907
  y: 63.0
  z: -7.300000011920928
  yaw: 344.02185
  pitch: 22.324543
afk: false
