lastAccountName: Briiqn
timestamps:
  login: 1723062170016
  logout: 1723062151752
ipAddress: 127.30.38.147
logoutlocation:
  world: Mini9E
  x: 0.12788781702494606
  y: 67.7531999805212
  z: -33.09443024412576
  yaw: 221.92407
  pitch: 81.714355
afk: false
lastlocation:
  world: Mini9E
  x: 4.703415537011798
  y: -66.61161695406112
  z: -22.30000001192093
  yaw: 117.93025
  pitch: -47.346134
money: '15.0'
