lastAccountName: Briiqn
timestamps:
  login: 1723063678577
  logout: 1723063668073
ipAddress: 127.30.38.147
logoutlocation:
  world: Mini31E
  x: -3.1707308587237786
  y: 118.56061563306721
  z: 4.68996013740062
  yaw: -213.6943
  pitch: 72.60368
afk: false
lastlocation:
  world: Mini9E
  x: 0.010773068936684171
  y: 67.0
  z: 56.01399851891124
  yaw: 1.6455994
  pitch: 31.069345
money: '220.0'
