lastAccountName: Briiqn
timestamps:
  login: 1723048756064
  logout: 1723048760922
ipAddress: 127.30.38.147
logoutlocation:
  world: world
  x: 3.8766228525480675
  y: 64.0
  z: 35.17716028687404
  yaw: 167.88196
  pitch: 16.727394
afk: false
