lastAccountName: Briiqn
timestamps:
  login: 1723075459205
  logout: 1723073429244
ipAddress: 127.0.0.1
logoutlocation:
  world: world
  x: 23.57215768378088
  y: 64.0
  z: -13.089364139408595
  yaw: -196.12764
  pitch: 18.333904
afk: false
lastlocation:
  world: Mini81Q
  x: -15.749185716729652
  y: -65.1425653569525
  z: -0.6260248355536469
  yaw: -128.33788
  pitch: -61.711185
money: '300.0'
