lastAccountName: Briiqn
timestamps:
  login: 1723048786840
  logout: 1723048780926
ipAddress: 127.30.38.147
logoutlocation:
  world: world
  x: 1.2307872401011561
  y: 65.0
  z: 0.5786967381113728
  yaw: -83.22217
  pitch: 15.103352
afk: false
