lastAccountName: Briiqn
timestamps:
  login: 1723073435072
  logout: 1723073429244
ipAddress: 127.30.38.147
logoutlocation:
  world: world
  x: 0.9107579784736923
  y: 65.0
  z: 0.4883356752573764
  yaw: -120.806015
  pitch: 7.7874637
afk: false
lastlocation:
  world: Mini81Q
  x: -15.749185716729652
  y: -65.1425653569525
  z: -0.6260248355536469
  yaw: -128.33788
  pitch: -61.711185
money: '300.0'
