lastAccountName: Briiqn
timestamps:
  login: 1723070405580
  logout: 1723063825621
ipAddress: 127.30.38.147
logoutlocation:
  world: world
  x: 8.169629389055588
  y: 63.0
  z: 3.5615096812340026
  yaw: -19.990776
  pitch: 74.150826
afk: false
lastlocation:
  world: Mini31E
  x: 17.575447393347755
  y: -66.40983136102312
  z: 2.3746184563379114
  yaw: -136.76657
  pitch: 47.31624
money: '295.0'
