lastAccountName: Briiqn
timestamps:
  login: 1723075459205
  logout: 1723075487509
ipAddress: 127.0.0.1
logoutlocation:
  world: world
  x: 0.5
  y: 65.0
  z: 0.5
  yaw: -91.26766
  pitch: 24.919212
afk: false
lastlocation:
  world: Mini81Q
  x: -15.749185716729652
  y: -65.1425653569525
  z: -0.6260248355536469
  yaw: -128.33788
  pitch: -61.711185
money: '300.0'
