lastAccountName: Briiqn
timestamps:
  login: 1723018067493
  logout: 1723012370325
ipAddress: 127.30.38.147
logoutlocation:
  world: world
  x: 0.4805297752731945
  y: 65.0
  z: 0.4876591904060934
  yaw: -88.09419
  pitch: 22.97357
afk: false
