lastAccountName: Briiqn
timestamps:
  login: 1723070405580
  logout: 1723063825621
ipAddress: 127.30.38.147
logoutlocation:
  world: world
  x: 8.169629389055588
  y: 63.0
  z: 3.5615096812340026
  yaw: -19.990776
  pitch: 74.150826
afk: false
lastlocation:
  world: Mini9E
  x: -2.9183187350118796
  y: -65.7605695077235
  z: -35.80192690815798
  yaw: -46.889004
  pitch: 15.89098
money: '290.0'
