lastAccountName: Briiqn
timestamps:
  login: 1723063049170
  logout: 1723062201854
ipAddress: 127.30.38.147
logoutlocation:
  world: Mini31E
  x: -4.0801561363722
  y: 91.0
  z: -36.11639108638953
  yaw: -266.58487
  pitch: 23.800854
afk: false
lastlocation:
  world: Mini9E
  x: 0.010773068936684171
  y: 67.0
  z: 56.01399851891124
  yaw: 1.6455994
  pitch: 31.069345
money: '155.0'
