lastAccountName: Briiqn
timestamps:
  login: 1723047426128
  logout: 1723024336116
ipAddress: 127.30.38.147
logoutlocation:
  world: world
  x: -3.3798467020498952
  y: 64.0
  z: -19.69999998807907
  yaw: -179.54053
  pitch: 42.21179
afk: false
