lastAccountName: Briiqn
timestamps:
  login: 1723052543188
  logout: 1723052744570
ipAddress: 127.30.38.147
logoutlocation:
  world: Mini81Q
  x: -10.100308061744709
  y: 77.0155550727022
  z: 38.09466913835511
  yaw: -301.3266
  pitch: 31.075584
afk: false
lastlocation:
  world: Mini9E
  x: 4.703415537011798
  y: -66.61161695406112
  z: -22.30000001192093
  yaw: 117.93025
  pitch: -47.346134
money: '10.0'
