lastAccountName: Briiqn
timestamps:
  login: 1723070405580
  logout: 1723063825621
ipAddress: 127.30.38.147
logoutlocation:
  world: world
  x: 8.169629389055588
  y: 63.0
  z: 3.5615096812340026
  yaw: -19.990776
  pitch: 74.150826
afk: false
lastlocation:
  world: Mini9E
  x: 0.010773068936684171
  y: 67.0
  z: 56.01399851891124
  yaw: 1.6455994
  pitch: 31.069345
money: '280.0'
