lastAccountName: Briiqn
timestamps:
  login: 1723062170016
  logout: 1723062201854
ipAddress: 127.30.38.147
logoutlocation:
  world: Mini31E
  x: -4.0801561363722
  y: 91.0
  z: -36.11639108638953
  yaw: -266.58487
  pitch: 23.800854
afk: false
lastlocation:
  world: Mini9E
  x: 4.703415537011798
  y: -66.61161695406112
  z: -22.30000001192093
  yaw: 117.93025
  pitch: -47.346134
money: '20.0'
