lastAccountName: Briiqn
timestamps:
  login: 1723063049170
  logout: 1723062201854
ipAddress: 127.30.38.147
logoutlocation:
  world: Mini31E
  x: -4.0801561363722
  y: 91.0
  z: -36.11639108638953
  yaw: -266.58487
  pitch: 23.800854
afk: false
lastlocation:
  world: Mini31E
  x: 4.93537007532897
  y: 87.0
  z: -22.613817073013646
  yaw: 102.75699
  pitch: 7.2685447
money: '85.0'
