lastAccountName: Briiqn
timestamps:
  login: 1723071937352
  logout: 1723072536708
ipAddress: 127.30.38.147
logoutlocation:
  world: world
  x: 39.97914245021216
  y: 66.0
  z: 20.69999998807907
  yaw: -323.02924
  pitch: 21.041899
afk: false
lastlocation:
  world: Mini81Q
  x: -15.749185716729652
  y: -65.1425653569525
  z: -0.6260248355536469
  yaw: -128.33788
  pitch: -61.711185
money: '300.0'
