lastAccountName: Briiqn
timestamps:
  login: 1723052543188
  logout: 1723051437418
ipAddress: 127.30.38.147
logoutlocation:
  world: world
  x: 17.11840160385066
  y: 63.0
  z: -5.704635781308323
  yaw: 163.52118
  pitch: 18.120165
afk: false
