lastAccountName: Briiqn
timestamps:
  login: 1723008638489
  logout: 1723008776158
ipAddress: 127.30.38.147
logoutlocation:
  world: world
  x: -216.93300347047003
  y: 56.487616129412416
  z: -263.95503375414313
  yaw: 184.39569
  pitch: -3.3181267
afk: false
