lastAccountName: Briiqn
timestamps:
  login: 1723052543188
  logout: 1723051437418
ipAddress: 127.30.38.147
logoutlocation:
  world: world
  x: 17.11840160385066
  y: 63.0
  z: -5.704635781308323
  yaw: 163.52118
  pitch: 18.120165
afk: false
lastlocation:
  world: Mini9E
  x: 4.703415537011798
  y: -66.61161695406112
  z: -22.30000001192093
  yaw: 117.93025
  pitch: -47.346134
money: '5.0'
