lastAccountName: Dusty
timestamps:
  login: 1610316658477
  logout: 1610316835621
ipAddress: 192.168.0.18
logoutlocation:
  world: world
  x: -15.540047378113087
  y: 67.5
  z: 0.4430172592595123
  yaw: -92.88388
  pitch: 2.5524027
