lastAccountName: Tiger_Brute
timestamps:
  login: 1618693941363
  logout: 1618693827856
ipAddress: 192.168.0.80
logoutlocation:
  world: world
  x: -26.34875043165725
  y: 72.0
  z: -5.015910767735692
  yaw: -117.848755
  pitch: 10.299577
