lastAccountName: Mad Pickaxe
timestamps:
  login: 1611163295888
  logout: 1611163380760
ipAddress: 192.168.0.60
logoutlocation:
  world: world
  x: -4.2703640917351455
  y: 67.0
  z: 0.643887662040644
  yaw: -149.30852
  pitch: 1.5158668
