lastAccountName: scarpur5
timestamps:
  login: 1614903891509
  logout: 1614905753744
ipAddress: 73.24.169.234
logoutlocation:
  world: world
  x: -32.47482322473648
  y: 71.0
  z: 0.49185180054454447
  yaw: -89.88387
  pitch: 2.8524027
