lastAccountName: Alicorn481
timestamps:
  login: 1613063341860
  logout: 1613065380435
ipAddress: 73.24.224.46
logoutlocation:
  world: world
  x: -6.931704864922749
  y: 67.0
  z: -11.47380836440967
  yaw: -60.02709
  pitch: 15.969416
