lastAccountName: Cobra
timestamps:
  login: 1611452301203
  logout: 1611452306370
ipAddress: 192.168.0.72
logoutlocation:
  world: world
  x: -32.47482322473648
  y: 71.0
  z: 0.49185180054454447
  yaw: -88.13608
  pitch: -3.4190629
