lastAccountName: joebobdude
timestamps:
  login: 1609398793081
  logout: 1609398809095
ipAddress: 192.168.0.35
logoutlocation:
  world: world
  x: -32.47482322473648
  y: 71.0
  z: 0.49185180054454447
  yaw: -89.88387
  pitch: 2.8524027
