lastAccountName: UR_A_DUMAS
timestamps:
  login: 1611262682181
  logout: 1611263255988
ipAddress: 73.24.224.46
logoutlocation:
  world: world
  x: -32.47482322473648
  y: 71.0
  z: 0.49185180054454447
  yaw: -89.88387
  pitch: 2.8524027
