lastAccountName: ShortyDev
timestamps:
  login: 1723141049046
  logout: 1723141017388
ipAddress: 127.16.144.220
logoutlocation:
  world: world
  x: 0.4805297752731945
  y: 65.0
  z: 0.4876591904060934
  yaw: -90.09297
  pitch: -1.7613653
