lastAccountName: ShortyDev
timestamps:
  login: 1723141049046
  logout: 1723141530652
ipAddress: 127.16.144.220
logoutlocation:
  world: world
  x: 0.4749119274303625
  y: 66.0
  z: -5.272103580224036
  yaw: -2.6010742
  pitch: 16.717117
lastlocation:
  world: Mini9E
  x: 7.129817506339931
  y: 67.0
  z: -6.998593437501549
  yaw: 347.77066
  pitch: 2.1026661
money: '5.0'
