lastAccountName: ShortyDev
timestamps:
  login: 1723086308445
  logout: 1723086247490
ipAddress: 127.16.144.220
logoutlocation:
  world: world
  x: 10.30564738505856
  y: 63.0
  z: 4.674167551474323
  yaw: -93.590225
  pitch: 13.221119
