lastAccountName: ShortyDev
timestamps:
  login: 1723075266190
  logout: 1723075269940
ipAddress: 127.16.144.220
logoutlocation:
  world: world
  x: 0.9860472995677303
  y: 65.0
  z: 0.3836494950729239
  yaw: -231.52727
  pitch: 26.805155
