lastAccountName: Bce_Xopowo
timestamps:
  login: 1723201154050
  logout: 1723201213149
ipAddress: 127.197.81.5
logoutlocation:
  world: world
  x: -21.733247136452043
  y: 70.0
  z: -2.39374052256547
  yaw: -108.73099
  pitch: 11.944332
