lastAccountName: cooljoebob
timestamps:
  login: 1611965928883
  logout: 1611970173808
ipAddress: 192.168.0.72
logoutlocation:
  world: world
  x: -86.31668692493055
  y: 100.0
  z: 21.302103210876535
  yaw: 178.6145
  pitch: -3.3523467
