lastAccountName: Lil_Twisted_6
timestamps:
  login: 1613088687246
  logout: 1613088908932
ipAddress: 71.228.145.85
logoutlocation:
  world: world
  x: -30.665259277061914
  y: 71.0
  z: 0.2719792217247167
  yaw: -89.28029
  pitch: 19.451254
lastlocation:
  world: invasion_
  x: -16.316558878346427
  y: -0.05212607077150677
  z: 44.32733540328975
  yaw: 97.77318
  pitch: 14.250076
