lastAccountName: drdeathdefying
timestamps:
  login: 1608427621848
  logout: 1608429063851
ipAddress: 73.24.161.35
logoutlocation:
  world: world
  x: -0.8374045803052641
  y: 67.0
  z: 7.132347235399745
  yaw: 52.088196
  pitch: -7.4884067
